           rCoM                     NinBin                    phiLoc                    align                      pInt                     pSwim          
         1.124668                    1857                  6834.894797               5640.212883                 -3699.6                  -1096197.0       
         2.249336                    5582                  20543.777043              2834.423743                 37722.7                  -467164.1        
         3.374004                    9311                  34261.415639             -12366.356223                -72698.6                 5580244.6        
         4.498672                   13035                  47949.347969             -25024.306236                -55050.9                 14180392.7       
         5.623340                   16734                  61544.036649              10761.268008                -34101.9                 -7104285.8       
         6.748008                   20483                  75305.877009              1808.869157                 71928.5                  -1528034.7       
         7.872676                   24208                  88967.161933              10079.047168                62673.2                 -11233203.6       
         8.997344                   27943                 102663.484569              65085.960232                454459.3                -82189568.6       
        10.122012                   31511                 115716.237644              72371.363598                898192.5                -103139423.7      
        11.246680                   35371                 129821.671089              19079.553284                191055.8                -29831457.7       
        12.371348                   38842                 142474.917512              26003.513454                334850.4                -45384518.9       
        13.496016                   42741                 156653.046415              46635.886045                535388.7                -91265237.1       
        14.620684                   46295                 169497.392824              20904.714004                107799.5                -41165766.2       
        15.745352                   50027                 182896.379808             -13756.405193                14586.7                  30700625.6       
        16.870020                   53699                 195884.507548              41865.152713                654226.0                -101768970.5      
        17.994688                   57369                 208590.903746             142049.743798               2810809.1                -372901482.0      
        19.119356                   60943                 220516.313168             146364.166250               1771146.4                -406062100.3      
        20.244024                   64571                 232024.053617             126638.207504               2646372.9                -374474238.3      
        21.368692                   68110                 242334.375198             221148.321092               5642128.8                -692474598.3      
        22.493360                   71666                 251546.380947             422192.655312               8269226.6               -1390558746.8      
        23.618028                   74927                 258355.965575             539574.639086               12608313.2              -1871275856.7      
        24.742696                   77888                 262506.763248             842309.442035               21690666.0              -3059701170.7      
        25.867364                   80571                 264326.588624             1067969.709103              26461406.1              -4057503957.2      
        26.992032                   82190                 261475.614233             1369626.339242              36319496.9              -5436035531.0      
        28.116700                   83223                 255687.545600             1823992.085782              50460547.2              -7546178182.5      
        29.241368                   82695                 244679.533628             2137587.355012              61458524.6              -9198602929.4      
        30.366036                   80690                 229262.094515             2494051.796021              75513400.2              -11156966191.2     
        31.490704                   77147                 210250.680363             2718699.608339              84351658.0              -12616803925.2     
        32.615372                   71474                 186405.525972             2724154.054581              87039383.6              -13097252684.7     
        33.740040                   64613                 161193.074224             2589080.020435              86654072.0              -12881515816.8     
        34.864708                   56968                 135788.777839             2435621.798462              83513091.0              -12529553663.1     
        35.989376                   48586                 110546.502077             2168117.210447              78058384.5              -11520530928.7     
        37.114044                   40507                  87475.520814             1959509.418932              72501721.6              -10739698669.4     
        38.238712                   32518                  66218.045502             1663896.786952              63538566.0              -9398653527.2      
        39.363380                   24519                  46816.380967             1228827.527250              48784893.5              -7146732477.4      
        40.488048                   17067                  30449.449216             765326.411807               31413185.8              -4577944578.4      
        41.612716                   11354                  18709.655800             423208.081500               18568358.9              -2602996786.0      
        42.737384                    7144                  10833.622589             196863.925571               9826176.9               -1243077914.3      
        43.862052                    4337                  5920.638398               71500.571366               4295575.3                -463155763.0      
        44.986720                    2570                  3160.550924               18360.362408               1826960.4                -121631589.9      
        46.111388                    1482                  1609.992379                281.475849                 823609.4                 -1891478.4       
        47.236056                    877                    858.778115               -5640.498071                298691.5                 39606403.9       
        48.360724                    510                    441.395715               -783.110306                 179077.0                 5540535.2        
        49.485392                    304                    236.761623               1227.338544                 130284.1                 -9048529.0       
        50.610060                    158                    114.073087               -636.732287                 23747.7                  4825214.4        
        51.734728                     63                    44.411826                -1167.991260                54559.4                  8975926.9        
        52.859396                     29                    20.251945                 593.042895                  6148.9                  -4625915.2       
        53.984064                     10                     6.249754                 221.126724                  3623.2                  -1781948.0       
        55.108732                     5                      2.850868                 -36.248120                   32.5                    292727.4        
        56.233400                     0                      0.000000                  0.000000                    0.0                       0.0           
        57.358068                     0                      0.000000                  0.000000                    0.0                       0.0           
        58.482736                     0                      0.000000                  0.000000                    0.0                       0.0           
        59.607404                     0                      0.000000                  0.000000                    0.0                       0.0           
        60.732072                     0                      0.000000                  0.000000                    0.0                       0.0           
        61.856740                     0                      0.000000                  0.000000                    0.0                       0.0           
        62.981408                     0                      0.000000                  0.000000                    0.0                       0.0           
        64.106076                     0                      0.000000                  0.000000                    0.0                       0.0           
        65.230744                     0                      0.000000                  0.000000                    0.0                       0.0           
        66.355412                     0                      0.000000                  0.000000                    0.0                       0.0           
        67.480080                     0                      0.000000                  0.000000                    0.0                       0.0           
        68.604748                     0                      0.000000                  0.000000                    0.0                       0.0           
        69.729416                     0                      0.000000                  0.000000                    0.0                       0.0           
        70.854084                     0                      0.000000                  0.000000                    0.0                       0.0           
        71.978752                     0                      0.000000                  0.000000                    0.0                       0.0           
        73.103420                     0                      0.000000                  0.000000                    0.0                       0.0           
        74.228088                     0                      0.000000                  0.000000                    0.0                       0.0           
        75.352756                     0                      0.000000                  0.000000                    0.0                       0.0           
        76.477424                     0                      0.000000                  0.000000                    0.0                       0.0           
        77.602092                     0                      0.000000                  0.000000                    0.0                       0.0           
        78.726760                     0                      0.000000                  0.000000                    0.0                       0.0           
        79.851428                     0                      0.000000                  0.000000                    0.0                       0.0           
        80.976096                     0                      0.000000                  0.000000                    0.0                       0.0           
        82.100764                     0                      0.000000                  0.000000                    0.0                       0.0           
        83.225432                     0                      0.000000                  0.000000                    0.0                       0.0           
        84.350100                     0                      0.000000                  0.000000                    0.0                       0.0           
        85.474768                     0                      0.000000                  0.000000                    0.0                       0.0           
        86.599436                     0                      0.000000                  0.000000                    0.0                       0.0           
        87.724104                     0                      0.000000                  0.000000                    0.0                       0.0           
        88.848772                     0                      0.000000                  0.000000                    0.0                       0.0           
        89.973440                     0                      0.000000                  0.000000                    0.0                       0.0           
        91.098108                     0                      0.000000                  0.000000                    0.0                       0.0           
        92.222776                     0                      0.000000                  0.000000                    0.0                       0.0           
        93.347444                     0                      0.000000                  0.000000                    0.0                       0.0           
        94.472112                     0                      0.000000                  0.000000                    0.0                       0.0           
        95.596780                     0                      0.000000                  0.000000                    0.0                       0.0           
        96.721448                     0                      0.000000                  0.000000                    0.0                       0.0           
        97.846116                     0                      0.000000                  0.000000                    0.0                       0.0           
        98.970784                     0                      0.000000                  0.000000                    0.0                       0.0           
        100.095452                    0                      0.000000                  0.000000                    0.0                       0.0           
        101.220120                    0                      0.000000                  0.000000                    0.0                       0.0           
        102.344788                    0                      0.000000                  0.000000                    0.0                       0.0           
        103.469456                    0                      0.000000                  0.000000                    0.0                       0.0           
        104.594124                    0                      0.000000                  0.000000                    0.0                       0.0           
        105.718792                    0                      0.000000                  0.000000                    0.0                       0.0           
        106.843460                    0                      0.000000                  0.000000                    0.0                       0.0           
        107.968128                    0                      0.000000                  0.000000                    0.0                       0.0           
        109.092796                    0                      0.000000                  0.000000                    0.0                       0.0           
        110.217464                    0                      0.000000                  0.000000                    0.0                       0.0           
        111.342132                    0                      0.000000                  0.000000                    0.0                       0.0           
        112.466800                    0                      0.000000                  0.000000                    0.0                       0.0           
        113.591468                    0                      0.000000                  0.000000                    0.0                       0.0           
        114.716136                    0                      0.000000                  0.000000                    0.0                       0.0           
        115.840804                    0                      0.000000                  0.000000                    0.0                       0.0           
        116.965472                    0                      0.000000                  0.000000                    0.0                       0.0           
        118.090140                    0                      0.000000                  0.000000                    0.0                       0.0           
        119.214808                    0                      0.000000                  0.000000                    0.0                       0.0           
        120.339476                    0                      0.000000                  0.000000                    0.0                       0.0           
        121.464144                    0                      0.000000                  0.000000                    0.0                       0.0           
        122.588812                    0                      0.000000                  0.000000                    0.0                       0.0           
        123.713480                    0                      0.000000                  0.000000                    0.0                       0.0           
        124.838148                    0                      0.000000                  0.000000                    0.0                       0.0           
        125.962816                    0                      0.000000                  0.000000                    0.0                       0.0           
        127.087484                    0                      0.000000                  0.000000                    0.0                       0.0           
        128.212152                    0                      0.000000                  0.000000                    0.0                       0.0           
        129.336820                    0                      0.000000                  0.000000                    0.0                       0.0           
        130.461488                    0                      0.000000                  0.000000                    0.0                       0.0           
        131.586156                    0                      0.000000                  0.000000                    0.0                       0.0           
        132.710824                    0                      0.000000                  0.000000                    0.0                       0.0           
        133.835492                    0                      0.000000                  0.000000                    0.0                       0.0           
        134.960160                    0                      0.000000                  0.000000                    0.0                       0.0           
        136.084828                    0                      0.000000                  0.000000                    0.0                       0.0           
        137.209496                    0                      0.000000                  0.000000                    0.0                       0.0           
        138.334164                    0                      0.000000                  0.000000                    0.0                       0.0           
        139.458832                    0                      0.000000                  0.000000                    0.0                       0.0           
        140.583500                    0                      0.000000                  0.000000                    0.0                       0.0           
        141.708168                    0                      0.000000                  0.000000                    0.0                       0.0           
        142.832836                    0                      0.000000                  0.000000                    0.0                       0.0           
        143.957504                    0                      0.000000                  0.000000                    0.0                       0.0           
        145.082172                    0                      0.000000                  0.000000                    0.0                       0.0           
        146.206840                    0                      0.000000                  0.000000                    0.0                       0.0           
        147.331508                    0                      0.000000                  0.000000                    0.0                       0.0           
        148.456176                    0                      0.000000                  0.000000                    0.0                       0.0           
        149.580844                    0                      0.000000                  0.000000                    0.0                       0.0           
        150.705512                    0                      0.000000                  0.000000                    0.0                       0.0           
        151.830180                    0                      0.000000                  0.000000                    0.0                       0.0           
        152.954848                    0                      0.000000                  0.000000                    0.0                       0.0           
        154.079516                    0                      0.000000                  0.000000                    0.0                       0.0           
        155.204184                    0                      0.000000                  0.000000                    0.0                       0.0           
        156.328852                    0                      0.000000                  0.000000                    0.0                       0.0           
        157.453520                    0                      0.000000                  0.000000                    0.0                       0.0           
        158.578188                    0                      0.000000                  0.000000                    0.0                       0.0           
        159.702856                    0                      0.000000                  0.000000                    0.0                       0.0           
        160.827524                    0                      0.000000                  0.000000                    0.0                       0.0           
        161.952192                    0                      0.000000                  0.000000                    0.0                       0.0           
        163.076860                    0                      0.000000                  0.000000                    0.0                       0.0           
        164.201528                    0                      0.000000                  0.000000                    0.0                       0.0           
        165.326196                    0                      0.000000                  0.000000                    0.0                       0.0           
        166.450864                    0                      0.000000                  0.000000                    0.0                       0.0           
        167.575532                    0                      0.000000                  0.000000                    0.0                       0.0           
        168.700200                    0                      0.000000                  0.000000                    0.0                       0.0           
        169.824868                    0                      0.000000                  0.000000                    0.0                       0.0           
        170.949536                    0                      0.000000                  0.000000                    0.0                       0.0           
        172.074204                    0                      0.000000                  0.000000                    0.0                       0.0           
        173.198872                    0                      0.000000                  0.000000                    0.0                       0.0           
        174.323540                    0                      0.000000                  0.000000                    0.0                       0.0           
        175.448208                    0                      0.000000                  0.000000                    0.0                       0.0           
        176.572876                    0                      0.000000                  0.000000                    0.0                       0.0           
        177.697544                    0                      0.000000                  0.000000                    0.0                       0.0           
        178.822212                    0                      0.000000                  0.000000                    0.0                       0.0           
        179.946880                    0                      0.000000                  0.000000                    0.0                       0.0           
        181.071548                    0                      0.000000                  0.000000                    0.0                       0.0           
        182.196216                    0                      0.000000                  0.000000                    0.0                       0.0           
        183.320884                    0                      0.000000                  0.000000                    0.0                       0.0           
        184.445552                    0                      0.000000                  0.000000                    0.0                       0.0           
        185.570220                    0                      0.000000                  0.000000                    0.0                       0.0           
        186.694888                    0                      0.000000                  0.000000                    0.0                       0.0           
        187.819556                    0                      0.000000                  0.000000                    0.0                       0.0           
        188.944224                    0                      0.000000                  0.000000                    0.0                       0.0           
        190.068892                    0                      0.000000                  0.000000                    0.0                       0.0           
        191.193560                    0                      0.000000                  0.000000                    0.0                       0.0           
        192.318228                    0                      0.000000                  0.000000                    0.0                       0.0           
        193.442896                    0                      0.000000                  0.000000                    0.0                       0.0           
        194.567564                    0                      0.000000                  0.000000                    0.0                       0.0           
        195.692232                    0                      0.000000                  0.000000                    0.0                       0.0           
        196.816900                    0                      0.000000                  0.000000                    0.0                       0.0           
        197.941568                    0                      0.000000                  0.000000                    0.0                       0.0           
        199.066236                    0                      0.000000                  0.000000                    0.0                       0.0           
        200.190904                    0                      0.000000                  0.000000                    0.0                       0.0           
        201.315572                    0                      0.000000                  0.000000                    0.0                       0.0           
        202.440240                    0                      0.000000                  0.000000                    0.0                       0.0           
        203.564908                    0                      0.000000                  0.000000                    0.0                       0.0           
        204.689576                    0                      0.000000                  0.000000                    0.0                       0.0           
        205.814244                    0                      0.000000                  0.000000                    0.0                       0.0           
        206.938912                    0                      0.000000                  0.000000                    0.0                       0.0           
        208.063580                    0                      0.000000                  0.000000                    0.0                       0.0           
        209.188248                    0                      0.000000                  0.000000                    0.0                       0.0           
        210.312916                    0                      0.000000                  0.000000                    0.0                       0.0           
        211.437584                    0                      0.000000                  0.000000                    0.0                       0.0           
        212.562252                    0                      0.000000                  0.000000                    0.0                       0.0           
        213.686920                    0                      0.000000                  0.000000                    0.0                       0.0           
        214.811588                    0                      0.000000                  0.000000                    0.0                       0.0           
        215.936256                    0                      0.000000                  0.000000                    0.0                       0.0           
        217.060924                    0                      0.000000                  0.000000                    0.0                       0.0           
        218.185592                    0                      0.000000                  0.000000                    0.0                       0.0           
        219.310260                    0                      0.000000                  0.000000                    0.0                       0.0           
        220.434928                    0                      0.000000                  0.000000                    0.0                       0.0           
        221.559596                    0                      0.000000                  0.000000                    0.0                       0.0           
        222.684264                    0                      0.000000                  0.000000                    0.0                       0.0           
        223.808932                    0                      0.000000                  0.000000                    0.0                       0.0           
        224.933600                    0                      0.000000                  0.000000                    0.0                       0.0           
        226.058268                    0                      0.000000                  0.000000                    0.0                       0.0           
        227.182936                    0                      0.000000                  0.000000                    0.0                       0.0           
        228.307604                    0                      0.000000                  0.000000                    0.0                       0.0           
        229.432272                    0                      0.000000                  0.000000                    0.0                       0.0           
        230.556940                    0                      0.000000                  0.000000                    0.0                       0.0           
        231.681608                    0                      0.000000                  0.000000                    0.0                       0.0           
        232.806276                    0                      0.000000                  0.000000                    0.0                       0.0           
        233.930944                    0                      0.000000                  0.000000                    0.0                       0.0           
        235.055612                    0                      0.000000                  0.000000                    0.0                       0.0           
        236.180280                    0                      0.000000                  0.000000                    0.0                       0.0           
        237.304948                    0                      0.000000                  0.000000                    0.0                       0.0           
        238.429616                    0                      0.000000                  0.000000                    0.0                       0.0           
        239.554284                    0                      0.000000                  0.000000                    0.0                       0.0           
        240.678952                    0                      0.000000                  0.000000                    0.0                       0.0           
        241.803620                    0                      0.000000                  0.000000                    0.0                       0.0           
        242.928288                    0                      0.000000                  0.000000                    0.0                       0.0           
        244.052956                    0                      0.000000                  0.000000                    0.0                       0.0           
        245.177624                    0                      0.000000                  0.000000                    0.0                       0.0           
        246.302292                    0                      0.000000                  0.000000                    0.0                       0.0           
        247.426960                    0                      0.000000                  0.000000                    0.0                       0.0           
        248.551628                    0                      0.000000                  0.000000                    0.0                       0.0           
        249.676296                    0                      0.000000                  0.000000                    0.0                       0.0           
        250.800964                    0                      0.000000                  0.000000                    0.0                       0.0           
        251.925632                    0                      0.000000                  0.000000                    0.0                       0.0           
        253.050300                    0                      0.000000                  0.000000                    0.0                       0.0           
        254.174968                    0                      0.000000                  0.000000                    0.0                       0.0           
        255.299636                    0                      0.000000                  0.000000                    0.0                       0.0           
        256.424304                    0                      0.000000                  0.000000                    0.0                       0.0           
        257.548972                    0                      0.000000                  0.000000                    0.0                       0.0           
        258.673640                    0                      0.000000                  0.000000                    0.0                       0.0           
        259.798308                    0                      0.000000                  0.000000                    0.0                       0.0           
        260.922976                    0                      0.000000                  0.000000                    0.0                       0.0           
        262.047644                    0                      0.000000                  0.000000                    0.0                       0.0           
        263.172312                    0                      0.000000                  0.000000                    0.0                       0.0           
        264.296980                    0                      0.000000                  0.000000                    0.0                       0.0           
        265.421648                    0                      0.000000                  0.000000                    0.0                       0.0           
        266.546316                    0                      0.000000                  0.000000                    0.0                       0.0           
        267.670984                    0                      0.000000                  0.000000                    0.0                       0.0           
        268.795652                    0                      0.000000                  0.000000                    0.0                       0.0           
        269.920320                    0                      0.000000                  0.000000                    0.0                       0.0           
        271.044988                    0                      0.000000                  0.000000                    0.0                       0.0           
        272.169656                    0                      0.000000                  0.000000                    0.0                       0.0           
        273.294324                    0                      0.000000                  0.000000                    0.0                       0.0           
        274.418992                    0                      0.000000                  0.000000                    0.0                       0.0           
        275.543660                    0                      0.000000                  0.000000                    0.0                       0.0           
        276.668328                    0                      0.000000                  0.000000                    0.0                       0.0           
        277.792996                    0                      0.000000                  0.000000                    0.0                       0.0           
        278.917664                    0                      0.000000                  0.000000                    0.0                       0.0           
        280.042332                    0                      0.000000                  0.000000                    0.0                       0.0           
        281.167000                    0                      0.000000                  0.000000                    0.0                       0.0           
        282.291668                    0                      0.000000                  0.000000                    0.0                       0.0           
        283.416336                    0                      0.000000                  0.000000                    0.0                       0.0           
        284.541004                    0                      0.000000                  0.000000                    0.0                       0.0           
        285.665672                    0                      0.000000                  0.000000                    0.0                       0.0           
        286.790340                    0                      0.000000                  0.000000                    0.0                       0.0           
        287.915008                    0                      0.000000                  0.000000                    0.0                       0.0           
        289.039676                    0                      0.000000                  0.000000                    0.0                       0.0           
        290.164344                    0                      0.000000                  0.000000                    0.0                       0.0           
        291.289012                    0                      0.000000                  0.000000                    0.0                       0.0           
        292.413680                    0                      0.000000                  0.000000                    0.0                       0.0           
        293.538348                    0                      0.000000                  0.000000                    0.0                       0.0           
        294.663016                    0                      0.000000                  0.000000                    0.0                       0.0           
        295.787684                    0                      0.000000                  0.000000                    0.0                       0.0           
        296.912352                    0                      0.000000                  0.000000                    0.0                       0.0           
        298.037020                    0                      0.000000                  0.000000                    0.0                       0.0           
        299.161688                    0                      0.000000                  0.000000                    0.0                       0.0           
        300.286356                    0                      0.000000                  0.000000                    0.0                       0.0           
        301.411024                    0                      0.000000                  0.000000                    0.0                       0.0           
        302.535692                    0                      0.000000                  0.000000                    0.0                       0.0           
        303.660360                    0                      0.000000                  0.000000                    0.0                       0.0           
        304.785028                    0                      0.000000                  0.000000                    0.0                       0.0           
        305.909696                    0                      0.000000                  0.000000                    0.0                       0.0           
        307.034364                    0                      0.000000                  0.000000                    0.0                       0.0           
        308.159032                    0                      0.000000                  0.000000                    0.0                       0.0           
        309.283700                    0                      0.000000                  0.000000                    0.0                       0.0           
        310.408368                    0                      0.000000                  0.000000                    0.0                       0.0           
        311.533036                    0                      0.000000                  0.000000                    0.0                       0.0           
        312.657704                    0                      0.000000                  0.000000                    0.0                       0.0           
        313.782372                    0                      0.000000                  0.000000                    0.0                       0.0           
        314.907040                    0                      0.000000                  0.000000                    0.0                       0.0           
        316.031708                    0                      0.000000                  0.000000                    0.0                       0.0           
        317.156376                    0                      0.000000                  0.000000                    0.0                       0.0           
        318.281044                    0                      0.000000                  0.000000                    0.0                       0.0           
        319.405712                    0                      0.000000                  0.000000                    0.0                       0.0           
        320.530380                    0                      0.000000                  0.000000                    0.0                       0.0           
        321.655048                    0                      0.000000                  0.000000                    0.0                       0.0           
        322.779716                    0                      0.000000                  0.000000                    0.0                       0.0           
        323.904384                    0                      0.000000                  0.000000                    0.0                       0.0           
        325.029052                    0                      0.000000                  0.000000                    0.0                       0.0           
        326.153720                    0                      0.000000                  0.000000                    0.0                       0.0           
        327.278388                    0                      0.000000                  0.000000                    0.0                       0.0           
        328.403056                    0                      0.000000                  0.000000                    0.0                       0.0           
        329.527724                    0                      0.000000                  0.000000                    0.0                       0.0           
        330.652392                    0                      0.000000                  0.000000                    0.0                       0.0           
        331.777060                    0                      0.000000                  0.000000                    0.0                       0.0           
        332.901728                    0                      0.000000                  0.000000                    0.0                       0.0           
        334.026396                    0                      0.000000                  0.000000                    0.0                       0.0           
        335.151064                    0                      0.000000                  0.000000                    0.0                       0.0           
        336.275732                    0                      0.000000                  0.000000                    0.0                       0.0           
        337.400400                    0                      0.000000                  0.000000                    0.0                       0.0           
        338.525068                    0                      0.000000                  0.000000                    0.0                       0.0           
        339.649736                    0                      0.000000                  0.000000                    0.0                       0.0           
        340.774404                    0                      0.000000                  0.000000                    0.0                       0.0           
        341.899072                    0                      0.000000                  0.000000                    0.0                       0.0           
        343.023740                    0                      0.000000                  0.000000                    0.0                       0.0           
        344.148408                    0                      0.000000                  0.000000                    0.0                       0.0           
        345.273076                    0                      0.000000                  0.000000                    0.0                       0.0           
        346.397744                    0                      0.000000                  0.000000                    0.0                       0.0           
        347.522412                    0                      0.000000                  0.000000                    0.0                       0.0           
        348.647080                    0                      0.000000                  0.000000                    0.0                       0.0           
        349.771748                    0                      0.000000                  0.000000                    0.0                       0.0           
        350.896416                    0                      0.000000                  0.000000                    0.0                       0.0           
        352.021084                    0                      0.000000                  0.000000                    0.0                       0.0           
        353.145752                    0                      0.000000                  0.000000                    0.0                       0.0           
        354.270420                    0                      0.000000                  0.000000                    0.0                       0.0           
        355.395088                    0                      0.000000                  0.000000                    0.0                       0.0           
        356.519756                    0                      0.000000                  0.000000                    0.0                       0.0           
        357.644424                    0                      0.000000                  0.000000                    0.0                       0.0           
        358.769092                    0                      0.000000                  0.000000                    0.0                       0.0           
        359.893760                    0                      0.000000                  0.000000                    0.0                       0.0           
        361.018428                    0                      0.000000                  0.000000                    0.0                       0.0           
        362.143096                    0                      0.000000                  0.000000                    0.0                       0.0           
        363.267764                    0                      0.000000                  0.000000                    0.0                       0.0           
        364.392432                    0                      0.000000                  0.000000                    0.0                       0.0           
        365.517100                    0                      0.000000                  0.000000                    0.0                       0.0           
        366.641768                    0                      0.000000                  0.000000                    0.0                       0.0           
        367.766436                    0                      0.000000                  0.000000                    0.0                       0.0           
        368.891104                    0                      0.000000                  0.000000                    0.0                       0.0           
        370.015772                    0                      0.000000                  0.000000                    0.0                       0.0           
        371.140440                    0                      0.000000                  0.000000                    0.0                       0.0           
        372.265108                    0                      0.000000                  0.000000                    0.0                       0.0           
        373.389776                    0                      0.000000                  0.000000                    0.0                       0.0           
        374.514444                    0                      0.000000                  0.000000                    0.0                       0.0           
        375.639112                    0                      0.000000                  0.000000                    0.0                       0.0           
        376.763780                    0                      0.000000                  0.000000                    0.0                       0.0           
