           tauB                     NinLC          
           0.00                     10544          
           0.10                     87667          
           0.20                     87537          
           0.30                     86809          
           0.40                     88102          
           0.50                     86535          
           0.60                     87387          
           0.70                     85491          
           0.80                     87102          
           0.90                     86436          
           1.00                     86378          
           1.10                     85770          
           1.20                     85395          
           1.30                     80065          
           1.40                     87633          
           1.50                     84614          
           1.60                     85641          
           1.70                     86937          
           1.80                     86194          
           1.90                     86375          
           2.00                     84274          
           2.10                     82826          
           2.20                     86847          
           2.30                     85156          
           2.40                     85096          
           2.50                     87113          
           2.60                     85619          
           2.70                     84617          
           2.80                     84234          
           2.90                     86193          
           3.00                     85034          
           3.10                     88160          
           3.20                     85976          
           3.30                     85602          
           3.40                     85718          
           3.50                     85417          
           3.60                     85084          
           3.70                     85765          
           3.80                     86707          
           3.90                     86151          
           4.00                     86063          
           4.10                     85569          
           4.20                     86242          
           4.30                     87072          
           4.40                     86898          
           4.50                     85953          
           4.60                     83698          
           4.70                     86633          
           4.80                     86545          
           4.90                     86960          
           5.00                     87235          
           5.10                     87064          
           5.20                     86690          
           5.30                     86012          
           5.40                     85701          
           5.50                     86352          
           5.60                     86969          
           5.70                     85939          
           5.80                     87382          
           5.90                     84114          
           6.00                     87085          
           6.10                     86956          
           6.20                     86005          
           6.30                     84314          
           6.40                     86868          
           6.50                     83918          
           6.60                     86558          
           6.70                     84754          
           6.80                     87562          
           6.90                     86166          
           7.00                     87048          
           7.10                     86313          
           7.20                     84301          
           7.30                     86938          
           7.40                     86590          
           7.50                     85216          
           7.60                     87199          
           7.70                     86898          
           7.80                     87025          
           7.90                     86940          
           8.00                     86861          
           8.10                     83692          
           8.20                     84825          
           8.30                     86579          
           8.40                     84043          
           8.50                     85946          
           8.60                     85906          
           8.70                     85571          
           8.80                     85857          
           8.90                     87699          
           9.00                     86726          
           9.10                     85924          
           9.20                     85112          
           9.30                     83934          
           9.40                     82616          
           9.50                     86479          
           9.60                     85380          
           9.70                     84623          
           9.80                     85492          
           9.90                     85907          
          10.00                     85314          
          10.10                     86159          
          10.20                     85175          
          10.30                     85699          
          10.40                     84423          
          10.50                     83978          
          10.60                     85799          
          10.70                     87024          
          10.80                     85731          
          10.90                     86578          
          11.00                     85996          
          11.10                     85685          
          11.20                     85741          
          11.30                     84956          
          11.40                     86661          
          11.50                     85459          
          11.60                     87237          
          11.70                     85572          
          11.80                     83300          
          11.90                     86693          
          12.00                     86684          
          12.10                     84022          
          12.20                     85808          
          12.30                     86620          
          12.40                     86150          
          12.50                     86521          
          12.60                     86594          
          12.70                     83402          
          12.80                     85349          
          12.90                     86490          
          13.00                     86798          
          13.10                     85447          
          13.20                     85066          
          13.30                     86082          
          13.40                     84076          
          13.50                     87279          
          13.60                     85568          
          13.70                     86783          
          13.80                     85876          
          13.90                     85739          
          14.00                     85631          
          14.10                     86574          
          14.20                     86446          
          14.30                     85860          
          14.40                     86506          
          14.50                     86522          
          14.60                     85666          
          14.70                     86982          
          14.80                     85832          
          14.90                     86814          
          15.00                     85811          
          15.10                     87572          
          15.20                     85627          
          15.30                     86516          
          15.40                     86036          
          15.50                     84512          
          15.60                     87231          
          15.70                     84741          
          15.80                     86471          
          15.90                     84696          
          16.00                     82046          
          16.10                     85752          
          16.20                     85426          
          16.30                     85317          
          16.40                     86058          
          16.50                     86104          
          16.60                     86741          
          16.70                     86649          
          16.80                     86542          
          16.90                     87168          
          17.00                     85659          
          17.10                     86072          
          17.20                     84228          
          17.30                     85195          
          17.40                     83619          
          17.50                     85864          
          17.60                     84438          
          17.70                     88178          
          17.80                     86753          
          17.90                     87080          
          18.00                     85371          
          18.10                     86993          
          18.20                     87022          
          18.30                     86649          
          18.40                     85994          
          18.50                     84995          
          18.60                     86262          
          18.70                     87005          
          18.80                     85486          
          18.90                     86169          
          19.00                     85253          
          19.10                     86166          
          19.20                     86092          
          19.30                     84359          
          19.40                     84558          
          19.50                     84762          
          19.60                     86081          
          19.70                     85488          
          19.80                     85646          
          19.90                     85848          
          20.00                     86752          
          20.10                     86504          
          20.20                     85722          
          20.30                     86979          
          20.40                     87440          
          20.50                     87490          
          20.60                     86571          
          20.70                     85259          
          20.80                     87684          
          20.90                     86046          
          21.00                     85923          
          21.10                     84018          
          21.20                     84777          
          21.30                     85970          
          21.40                     86562          
          21.50                     85711          
          21.60                     84330          
          21.70                     86266          
          21.80                     86439          
          21.90                     86945          
          22.00                     83727          
          22.10                     85156          
          22.20                     85826          
          22.30                     85517          
          22.40                     86611          
          22.50                     84955          
          22.60                     85710          
          22.70                     85722          
          22.80                     86347          
          22.90                     86425          
          23.00                     86866          
          23.10                     86996          
          23.20                     86520          
          23.30                     83325          
          23.40                     85481          
          23.50                     84376          
          23.60                     84851          
          23.70                     87892          
          23.80                     86833          
          23.90                     85639          
          24.00                     85630          
          24.10                     86738          
          24.20                     86259          
          24.30                     86781          
          24.40                     83835          
          24.50                     85883          
          24.60                     83328          
          24.70                     86661          
          24.80                     85279          
          24.90                     85718          
          25.00                     87232          
          25.10                     86207          
          25.20                     86012          
          25.30                     85669          
          25.40                     87138          
          25.50                     88041          
          25.60                     84751          
          25.70                     85507          
          25.80                     86597          
          25.90                     85661          
          26.00                     85794          
          26.10                     82012          
          26.20                     86035          
          26.30                     85987          
          26.40                     84634          
          26.50                     85686          
          26.60                     86677          
          26.70                     86778          
          26.80                     84774          
          26.90                     88021          
          27.00                     87066          
          27.10                     86554          
          27.20                     86597          
          27.30                     86915          
          27.40                     86919          
          27.50                     86300          
          27.60                     87648          
          27.70                     84865          
          27.80                     82222          
          27.90                     86105          
          28.00                     86233          
          28.10                     86062          
          28.20                     87547          
          28.30                     85125          
          28.40                     86791          
          28.50                     85910          
          28.60                     87059          
          28.70                     86594          
          28.80                     86536          
          28.90                     87212          
          29.00                     86049          
          29.10                     83820          
          29.20                     86122          
          29.30                     82904          
          29.40                     84060          
          29.50                     87017          
          29.60                     86299          
          29.70                     85794          
          29.80                     86475          
          29.90                     87333          
          30.00                     85900          
          30.10                     84601          
          30.20                     84938          
          30.30                     85556          
          30.40                     83334          
          30.50                     85398          
          30.60                     84963          
          30.70                     87112          
          30.80                     85423          
          30.90                     86200          
          31.00                     86651          
          31.10                     83578          
          31.20                     85258          
          31.30                     83933          
          31.40                     84319          
          31.50                     86332          
          31.60                     81617          
          31.70                     87366          
          31.80                     84321          
          31.90                     83865          
          32.00                     85722          
          32.10                     82004          
          32.20                     86495          
          32.30                     85259          
          32.40                     84197          
          32.50                     85564          
          32.60                     84900          
          32.70                     84344          
          32.80                     85740          
          32.90                     85511          
          33.00                     86785          
          33.10                     85740          
          33.20                     85468          
          33.30                     87135          
          33.40                     85340          
          33.50                     86461          
          33.60                     86088          
          33.70                     86532          
          33.80                     87863          
          33.90                     85031          
          34.00                     85311          
          34.10                     84952          
          34.20                     86826          
          34.30                     86492          
          34.40                     86206          
          34.50                     86154          
          34.60                     85083          
          34.70                     86102          
          34.80                     85798          
          34.90                     83500          
          35.00                     84920          
          35.10                     86199          
          35.20                     84187          
          35.30                     85219          
          35.40                     85487          
          35.50                     85518          
          35.60                     86117          
          35.70                     85818          
          35.80                     82635          
          35.90                     87430          
          36.00                     86143          
          36.10                     86424          
          36.20                     85792          
          36.30                     85090          
          36.40                     84670          
          36.50                     85372          
          36.60                     85495          
          36.70                     81850          
          36.80                     84019          
          36.90                     86791          
          37.00                     84679          
          37.10                     85303          
          37.20                     87517          
          37.30                     86571          
          37.40                     85589          
          37.50                     86152          
          37.60                     85008          
          37.70                     85680          
          37.80                     83730          
          37.90                     85754          
          38.00                     82887          
          38.10                     84235          
          38.20                     83935          
          38.30                     84642          
          38.40                     84044          
          38.50                     86249          
          38.60                     85052          
          38.70                     85912          
          38.80                     85089          
          38.90                     86950          
          39.00                     85363          
          39.10                     83804          
          39.20                     86115          
          39.30                     85997          
          39.40                     86362          
          39.50                     83922          
          39.60                     86266          
          39.70                     86901          
          39.80                     84123          
          39.90                     86024          
          40.00                     85773          
          40.10                     84694          
          40.20                     85754          
          40.30                     85421          
          40.40                     84440          
          40.50                     84552          
          40.60                     86075          
          40.70                     86232          
          40.80                     82812          
          40.90                     85331          
          41.00                     85655          
          41.10                     86728          
          41.20                     86720          
          41.30                     87740          
          41.40                     86467          
          41.50                     85701          
          41.60                     86567          
          41.70                     86431          
          41.80                     87139          
          41.90                     85124          
          42.00                     85987          
          42.10                     85962          
          42.20                     86099          
          42.30                     86585          
          42.40                     86233          
          42.50                     82388          
          42.60                     85527          
          42.70                     85700          
          42.80                     86705          
          42.90                     87062          
          43.00                     83659          
          43.10                     85987          
          43.20                     86901          
          43.30                     85109          
          43.40                     86495          
          43.50                     87563          
          43.60                     86934          
          43.70                     86829          
          43.80                     84885          
          43.90                     86823          
          44.00                     86683          
          44.10                     85600          
          44.20                     86722          
          44.30                     84263          
          44.40                     85885          
          44.50                     85838          
          44.60                     81357          
          44.70                     85745          
          44.80                     86208          
          44.90                     85265          
          45.00                     86156          
          45.10                     87544          
          45.20                     85440          
          45.30                     86947          
          45.40                     86145          
          45.50                     85517          
          45.60                     86609          
          45.70                     86449          
          45.80                     83343          
          45.90                     86285          
          46.00                     85508          
          46.10                     86147          
          46.20                     87839          
          46.30                     84126          
          46.40                     87682          
          46.50                     86450          
          46.60                     83681          
          46.70                     87268          
          46.80                     85550          
          46.90                     86875          
          47.00                     85087          
          47.10                     86716          
          47.20                     85290          
          47.30                     86036          
          47.40                     86687          
          47.50                     86067          
          47.60                     88173          
          47.70                     87076          
          47.80                     85124          
          47.90                     86942          
          48.00                     84133          
          48.10                     87521          
          48.20                     85339          
          48.30                     86057          
          48.40                     86803          
          48.50                     86790          
          48.60                     87243          
          48.70                     86009          
          48.80                     87674          
          48.90                     87243          
          49.00                     84898          
          49.10                     85555          
          49.20                     82459          
          49.30                     86274          
          49.40                     86688          
          49.50                     86182          
          49.60                     86436          
          49.70                     87261          
          49.80                     87130          
          49.90                     87135          
          50.00                     85907          
          50.10                     85448          
          50.20                     85931          
          50.30                     86065          
          50.40                     85044          
          50.50                     86174          
          50.60                     85288          
          50.70                     86450          
          50.80                     86917          
          50.90                     84915          
          51.00                     86760          
          51.10                     87016          
          51.20                     86245          
          51.30                     86030          
          51.40                     86792          
          51.50                     86394          
          51.60                     86423          
          51.70                     87760          
          51.80                     86434          
          51.90                     85303          
          52.00                     87000          
          52.10                     86627          
          52.20                     86543          
          52.30                     86965          
          52.40                     87459          
          52.50                     87292          
          52.60                     83797          
          52.70                     86780          
          52.80                     86062          
          52.90                     85377          
          53.00                     86529          
          53.10                     85445          
          53.20                     85401          
          53.30                     84200          
          53.40                     85653          
          53.50                     86732          
          53.60                     85042          
          53.70                     84140          
          53.80                     85531          
          53.90                     84993          
          54.00                     85819          
          54.10                     86173          
          54.20                     86243          
          54.30                     86444          
          54.40                     86615          
          54.50                     85382          
          54.60                     86940          
          54.70                     86150          
          54.80                     85448          
          54.90                     84003          
          55.00                     84005          
          55.10                     86204          
          55.20                     85434          
          55.30                     84785          
          55.40                     84444          
          55.50                     85601          
          55.60                     82925          
          55.70                     85701          
          55.80                     86925          
          55.90                     86719          
          56.00                     86149          
          56.10                     86341          
          56.20                     84637          
          56.30                     87303          
          56.40                     84628          
          56.50                     85174          
          56.60                     86181          
          56.70                     86644          
          56.80                     86538          
          56.90                     86853          
          57.00                     85426          
          57.10                     85574          
          57.20                     86085          
          57.30                     85287          
          57.40                     86341          
          57.50                     85885          
          57.60                     83928          
          57.70                     85899          
          57.80                     87378          
          57.90                     85305          
          58.00                     87713          
          58.10                     87097          
          58.20                     84515          
          58.30                     86033          
          58.40                     86457          
          58.50                     85349          
          58.60                     83544          
          58.70                     83941          
          58.80                     87137          
          58.90                     86503          
          59.00                     86987          
          59.10                     87285          
          59.20                     86377          
          59.30                     85915          
          59.40                     86225          
          59.50                     87099          
          59.60                     85749          
          59.70                     85130          
          59.80                     85542          
          59.90                     85308          
          60.00                     86315          
          60.10                     85977          
          60.20                     85242          
          60.30                     88016          
          60.40                     85272          
          60.50                     87143          
          60.60                     86615          
          60.70                     84793          
          60.80                     87947          
          60.90                     86215          
          61.00                     85273          
          61.10                     86129          
          61.20                     81354          
          61.30                     84741          
          61.40                     86600          
          61.50                     87175          
          61.60                     87294          
          61.70                     84324          
          61.80                     86991          
          61.90                     87119          
          62.00                     85750          
          62.10                     87091          
          62.20                     85137          
          62.30                     86910          
          62.40                     85489          
          62.50                     84744          
          62.60                     84351          
          62.70                     86382          
          62.80                     85889          
          62.90                     85863          
          63.00                     85529          
          63.10                     85043          
          63.20                     85208          
          63.30                     83994          
          63.40                     87040          
          63.50                     87262          
          63.60                     83824          
          63.70                     84369          
          63.80                     83205          
          63.90                     86325          
          64.00                     87266          
          64.10                     84754          
          64.20                     84801          
          64.30                     83143          
          64.40                     86580          
          64.50                     87102          
          64.60                     86601          
          64.70                     84251          
          64.80                     87512          
          64.90                     82282          
          65.00                     84985          
          65.10                     86587          
          65.20                     85394          
          65.30                     84449          
          65.40                     87523          
          65.50                     84877          
          65.60                     85095          
          65.70                     86952          
          65.80                     84978          
          65.90                     86180          
          66.00                     86949          
          66.10                     83506          
          66.20                     86852          
          66.30                     86192          
          66.40                     85477          
          66.50                     84870          
          66.60                     85185          
          66.70                     86661          
          66.80                     84450          
          66.90                     84968          
          67.00                     85654          
          67.10                     87065          
          67.20                     84540          
          67.30                     83766          
          67.40                     83227          
          67.50                     86799          
          67.60                     84652          
          67.70                     86865          
          67.80                     85824          
          67.90                     86034          
          68.00                     86990          
          68.10                     85736          
          68.20                     81933          
          68.30                     86734          
          68.40                     85386          
          68.50                     84124          
          68.60                     84275          
          68.70                     86325          
          68.80                     86335          
          68.90                     86304          
          69.00                     86583          
          69.10                     85646          
          69.20                     85073          
          69.30                     87173          
          69.40                     85429          
          69.50                     85995          
          69.60                     86397          
          69.70                     86036          
          69.80                     84671          
          69.90                     87686          
          70.00                     84495          
          70.10                     85552          
          70.20                     86419          
          70.30                     86276          
          70.40                     86299          
          70.50                     86349          
          70.60                     84170          
          70.70                     86114          
          70.80                     84682          
          70.90                     86459          
          71.00                     84075          
          71.10                     86112          
          71.20                     87205          
          71.30                     85978          
          71.40                     86184          
          71.50                     86095          
          71.60                     84951          
          71.70                     83262          
          71.80                     86334          
          71.90                     87238          
          72.00                     83788          
          72.10                     82524          
          72.20                     85255          
          72.30                     85087          
          72.40                     85968          
          72.50                     85213          
          72.60                     85136          
          72.70                     86138          
          72.80                     85585          
          72.90                     82583          
          73.00                     86205          
          73.10                     86645          
          73.20                     86409          
          73.30                     84074          
          73.40                     86694          
          73.50                     85644          
          73.60                     85795          
          73.70                     86278          
          73.80                     85690          
          73.90                     85570          
          74.00                     84261          
          74.10                     86916          
          74.20                     86317          
          74.30                     85476          
          74.40                     87528          
          74.50                     85405          
          74.60                     85904          
          74.70                     86722          
          74.80                     87127          
          74.90                     86876          
          75.00                     82951          
          75.10                     86891          
          75.20                     88032          
          75.30                     87061          
          75.40                     82157          
          75.50                     86486          
          75.60                     85742          
          75.70                     83263          
          75.80                     85311          
          75.90                     85871          
          76.00                     85310          
          76.10                     83405          
          76.20                     86699          
          76.30                     84619          
          76.40                     84681          
          76.50                     85038          
          76.60                     85771          
          76.70                     82416          
          76.80                     84529          
          76.90                     84537          
          77.00                     85837          
          77.10                     86135          
          77.20                     85556          
          77.30                     85658          
          77.40                     86755          
          77.50                     86644          
          77.60                     80718          
          77.70                     85253          
          77.80                     83970          
          77.90                     86116          
          78.00                     87063          
          78.10                     87033          
          78.20                     85729          
          78.30                     86077          
          78.40                     85702          
          78.50                     86057          
          78.60                     86601          
          78.70                     87081          
          78.80                     84696          
          78.90                     84479          
          79.00                     85593          
          79.10                     85206          
          79.20                     86102          
          79.30                     85292          
          79.40                     87417          
          79.50                     86674          
          79.60                     87068          
          79.70                     83930          
          79.80                     85931          
          79.90                     87059          
          80.00                     86297          
          80.10                     86231          
          80.20                     86745          
          80.30                     87129          
          80.40                     86524          
          80.50                     86683          
          80.60                     87736          
          80.70                     83363          
          80.80                     86650          
          80.90                     86541          
          81.00                     86101          
          81.10                     83872          
          81.20                     86367          
          81.30                     85205          
          81.40                     86058          
          81.50                     85849          
          81.60                     86312          
          81.70                     85752          
          81.80                     85031          
          81.90                     85789          
          82.00                     85867          
          82.10                     85153          
          82.20                     85004          
          82.30                     87493          
          82.40                     86868          
          82.50                     85871          
          82.60                     86066          
          82.70                     86396          
          82.80                     83256          
          82.90                     85991          
          83.00                     86957          
          83.10                     86227          
          83.20                     87395          
          83.30                     86435          
          83.40                     85084          
          83.50                     86315          
          83.60                     86238          
          83.70                     86758          
          83.80                     84394          
          83.90                     86749          
          84.00                     84100          
          84.10                     85263          
          84.20                     85019          
          84.30                     84580          
          84.40                     86217          
          84.50                     86574          
          84.60                     87096          
          84.70                     86654          
          84.80                     84200          
          84.90                     85998          
          85.00                     86062          
          85.10                     81189          
          85.20                     87051          
          85.30                     85466          
          85.40                     85621          
          85.50                     84947          
          85.60                     84646          
          85.70                     85293          
          85.80                     83808          
          85.90                     86573          
          86.00                     85380          
          86.10                     85856          
          86.20                     83353          
          86.30                     86207          
          86.40                     84947          
          86.50                     87062          
          86.60                     85767          
          86.70                     87131          
          86.80                     86682          
          86.90                     86432          
          87.00                     86451          
          87.10                     85625          
          87.20                     86586          
          87.30                     86039          
          87.40                     86919          
          87.50                     84686          
          87.60                     85966          
          87.70                     83863          
          87.80                     85159          
          87.90                     84011          
          88.00                     85849          
          88.10                     86147          
          88.20                     86883          
          88.30                     86056          
          88.40                     86019          
          88.50                     82676          
          88.60                     84569          
          88.70                     86375          
          88.80                     87031          
          88.90                     87072          
          89.00                     86664          
          89.10                     86843          
          89.20                     86450          
          89.30                     87066          
          89.40                     83075          
          89.50                     85299          
          89.60                     84317          
          89.70                     85454          
          89.80                     85410          
          89.90                     85151          
          90.00                     86713          
          90.10                     86703          
          90.20                     85537          
          90.30                     86899          
          90.40                     86366          
          90.50                     84723          
          90.60                     85753          
          90.70                     85237          
          90.80                     86245          
          90.90                     83912          
          91.00                     85278          
          91.10                     86841          
          91.20                     86229          
          91.30                     84333          
          91.40                     86032          
          91.50                     87639          
          91.60                     83993          
          91.70                     85994          
          91.80                     87459          
          91.90                     86469          
          92.00                     83945          
          92.10                     85189          
          92.20                     86241          
          92.30                     84909          
          92.40                     85376          
          92.50                     85899          
          92.60                     84931          
          92.70                     85210          
          92.80                     85093          
          92.90                     86496          
          93.00                     87029          
          93.10                     83202          
          93.20                     85699          
          93.30                     85450          
          93.40                     85872          
          93.50                     85958          
          93.60                     85901          
          93.70                     86963          
          93.80                     86157          
          93.90                     85459          
          94.00                     86272          
          94.10                     82850          
          94.20                     85811          
          94.30                     87164          
          94.40                     86149          
          94.50                     85847          
          94.60                     87170          
          94.70                     85686          
          94.80                     85190          
          94.90                     86844          
          95.00                     83976          
          95.10                     86849          
          95.20                     87380          
          95.30                     84860          
          95.40                     84443          
          95.50                     86700          
          95.60                     86283          
          95.70                     83743          
          95.80                     86555          
          95.90                     83634          
          96.00                     86673          
          96.10                     84361          
          96.20                     87086          
          96.30                     85039          
          96.40                     84838          
          96.50                     86167          
          96.60                     85477          
          96.70                     87660          
          96.80                     84652          
          96.90                     84277          
          97.00                     84752          
          97.10                     85103          
          97.20                     83638          
          97.30                     85686          
          97.40                     84606          
          97.50                     87353          
          97.60                     87582          
          97.70                     86590          
          97.80                     86247          
          97.90                     84397          
          98.00                     85138          
          98.10                     85364          
          98.20                     85880          
          98.30                     85484          
          98.40                     85780          
          98.50                     85631          
          98.60                     86145          
          98.70                     85344          
          98.80                     87216          
          98.90                     85058          
          99.00                     86447          
          99.10                     86456          
          99.20                     86577          
          99.30                     85520          
          99.40                     84401          
          99.50                     84392          
          99.60                     86274          
          99.70                     85516          
          99.80                     85528          
          99.90                     87874          
