           tauB                     NinLC          
           0.00                     46741          
           0.01                      3758          
           0.02                      2610          
           0.03                      2656          
           0.04                      3016          
           0.05                      2983          
           0.06                      5267          
           0.07                      6575          
           0.08                      4049          
           0.09                      4640          
           0.10                      2811          
           0.11                      3908          
           0.12                      4064          
           0.13                      2816          
           0.14                      2820          
           0.15                      4182          
           0.16                      4383          
           0.17                      3038          
           0.18                      3173          
           0.19                      2149          
           0.20                      3267          
           0.21                      2096          
           0.22                      3517          
           0.23                      3545          
           0.24                      2174          
           0.25                      4408          
           0.26                      2559          
           0.27                      1883          
           0.28                      3306          
           0.29                      5305          
           0.30                      3327          
           0.31                      2579          
           0.32                      2313          
           0.33                      3092          
           0.34                      2329          
           0.35                      3286          
           0.36                      2017          
           0.37                      3228          
           0.38                      3605          
           0.39                      5593          
           0.40                      2483          
           0.41                      2404          
           0.42                      4875          
           0.43                      4985          
           0.44                      2947          
           0.45                      3592          
           0.46                      3075          
           0.47                      6315          
           0.48                      9618          
           0.49                      3153          
           0.50                      1942          
           0.51                      1981          
           0.52                      3340          
           0.53                      5674          
           0.54                      3770          
           0.55                      3004          
           0.56                      2824          
           0.57                      3559          
           0.58                      2948          
           0.59                      2668          
           0.60                      2751          
           0.61                      2550          
           0.62                      5288          
           0.63                      5730          
           0.64                      4127          
           0.65                      5160          
           0.66                      3305          
           0.67                      3825          
           0.68                      4092          
           0.69                      3258          
           0.70                      2788          
           0.71                      4321          
           0.72                      3662          
           0.73                      3733          
           0.74                      4131          
           0.75                      5848          
           0.76                      4276          
           0.77                      2955          
           0.78                      2234          
           0.79                      5435          
           0.80                      3571          
           0.81                      2643          
           0.82                      3868          
           0.83                      3994          
           0.84                      3732          
           0.85                      4365          
           0.86                      4282          
           0.87                      3319          
           0.88                      3196          
           0.89                      3155          
           0.90                      2575          
           0.91                      5265          
           0.92                      2819          
           0.93                      6050          
           0.94                      3391          
           0.95                      2707          
           0.96                      2704          
           0.97                      2931          
           0.98                      3625          
           0.99                      4333          
           1.00                      1978          
           1.01                      2951          
           1.02                      3426          
           1.03                      2934          
           1.04                      5757          
           1.05                      4971          
           1.06                      6558          
           1.07                      4212          
           1.08                      2380          
           1.09                      4183          
           1.10                      2048          
           1.11                      2107          
           1.12                      3282          
           1.13                      3611          
           1.14                      3514          
           1.15                      2454          
           1.16                      3904          
           1.17                      3911          
           1.18                      2165          
           1.19                      2271          
           1.20                      4657          
           1.21                      3130          
           1.22                      2451          
           1.23                      2426          
           1.24                      2650          
           1.25                      3928          
           1.26                      2616          
           1.27                      3721          
           1.28                      3008          
           1.29                      2495          
           1.30                      2994          
           1.31                      3478          
           1.32                      3051          
           1.33                      2637          
           1.34                      3175          
           1.35                      2435          
           1.36                      2772          
           1.37                      3870          
           1.38                      1543          
           1.39                      3309          
           1.40                      2821          
           1.41                      3263          
           1.42                      2721          
           1.43                      2017          
           1.44                      3313          
           1.45                      3116          
           1.46                      3919          
           1.47                      2072          
           1.48                      2509          
           1.49                      2345          
           1.50                      2594          
           1.51                      1886          
           1.52                      2909          
           1.53                      2298          
           1.54                      2563          
           1.55                      3930          
           1.56                      3189          
           1.57                      4885          
           1.58                      2739          
           1.59                      4797          
           1.60                      2558          
           1.61                      3368          
           1.62                      3255          
           1.63                      3081          
           1.64                      1989          
           1.65                      4139          
           1.66                      2292          
           1.67                      3705          
           1.68                      4453          
           1.69                      2701          
           1.70                      3586          
           1.71                      3204          
           1.72                      5886          
           1.73                      5387          
           1.74                      2637          
           1.75                      5562          
           1.76                      3113          
           1.77                      3723          
           1.78                      2338          
           1.79                      3044          
           1.80                      4343          
           1.81                      3086          
           1.82                      4447          
           1.83                      2769          
           1.84                      3112          
           1.85                      6181          
           1.86                      3239          
           1.87                      5407          
           1.88                      2265          
           1.89                      2266          
           1.90                      3843          
           1.91                      2393          
           1.92                      4441          
           1.93                      3217          
           1.94                      3060          
           1.95                      4106          
           1.96                      3030          
           1.97                      2134          
           1.98                      4921          
           1.99                      4551          
           2.00                      4970          
           2.01                      3306          
           2.02                      3588          
           2.03                      5491          
           2.04                      3511          
           2.05                      3481          
           2.06                      3770          
           2.07                      2353          
           2.08                      4218          
           2.09                      2409          
           2.10                      2383          
           2.11                      2125          
           2.12                      2113          
           2.13                      3170          
           2.14                      2547          
           2.15                      2673          
           2.16                      3045          
           2.17                      2924          
           2.18                      4160          
           2.19                      3202          
           2.20                      2820          
           2.21                      3840          
           2.22                      3859          
           2.23                      3746          
           2.24                      2929          
           2.25                      2222          
           2.26                      3364          
           2.27                      3978          
           2.28                      4653          
           2.29                      2599          
           2.30                      2470          
           2.31                      4275          
           2.32                      2652          
           2.33                      2914          
           2.34                      4899          
           2.35                      2218          
           2.36                      4490          
           2.37                      2554          
           2.38                      3297          
           2.39                      2652          
           2.40                      5489          
           2.41                      4241          
           2.42                      3238          
           2.43                      1920          
           2.44                      3225          
           2.45                      3053          
           2.46                      2754          
           2.47                      4344          
           2.48                      5094          
           2.49                      3362          
           2.50                      4132          
           2.51                      2594          
           2.52                      3549          
           2.53                      2716          
           2.54                      3276          
           2.55                      3218          
           2.56                      3785          
           2.57                      4670          
           2.58                      2190          
           2.59                      2432          
           2.60                      1967          
           2.61                      5234          
           2.62                      4185          
           2.63                      2538          
           2.64                      2905          
           2.65                      2700          
           2.66                      2621          
           2.67                      1956          
           2.68                      3270          
           2.69                      3207          
           2.70                      2349          
           2.71                      3852          
           2.72                      3364          
           2.73                      2032          
           2.74                      4384          
           2.75                      2469          
           2.76                      2803          
           2.77                      2167          
           2.78                      5978          
           2.79                      2124          
           2.80                      6375          
           2.81                      2894          
           2.82                      2245          
           2.83                      4346          
           2.84                      3284          
           2.85                      2677          
           2.86                      2604          
           2.87                      3327          
           2.88                      3584          
           2.89                      2898          
           2.90                      3174          
           2.91                      3899          
           2.92                      2869          
           2.93                      3900          
           2.94                      3556          
           2.95                      5006          
           2.96                      3726          
           2.97                      2697          
           2.98                      2912          
           2.99                      2233          
           3.00                      5557          
           3.01                      1815          
           3.02                      4225          
           3.03                      2367          
           3.04                      6214          
           3.05                      3832          
           3.06                      4155          
           3.07                      3303          
           3.08                      3879          
           3.09                      3034          
           3.10                      1822          
           3.11                      4824          
           3.12                      3076          
           3.13                      3227          
           3.14                      6325          
           3.15                      4445          
           3.16                      4320          
           3.17                      2936          
           3.18                      2737          
           3.19                      4121          
           3.20                      3655          
           3.21                      3463          
           3.22                      2540          
           3.23                      4792          
           3.24                      3482          
           3.25                      4571          
           3.26                      2509          
           3.27                      3522          
           3.28                      2401          
           3.29                      2076          
           3.30                      3528          
           3.31                      2441          
           3.32                      2811          
           3.33                      2986          
           3.34                      3606          
           3.35                      2629          
           3.36                      2850          
           3.37                      6435          
           3.38                      2580          
           3.39                      3422          
           3.40                      2263          
           3.41                      5936          
           3.42                      3100          
           3.43                      3102          
           3.44                      4274          
           3.45                      2122          
           3.46                      3136          
           3.47                      4019          
           3.48                      3383          
           3.49                      3326          
           3.50                      2845          
           3.51                      3125          
           3.52                      2922          
           3.53                      2667          
           3.54                      3684          
           3.55                      2937          
           3.56                      4486          
           3.57                      2713          
           3.58                      5466          
           3.59                      2913          
           3.60                      1963          
           3.61                      2526          
           3.62                      2903          
           3.63                      5645          
           3.64                      2216          
           3.65                      3997          
           3.66                      2821          
           3.67                      2998          
           3.68                      3005          
           3.69                      3737          
           3.70                      2698          
           3.71                      2524          
           3.72                      2769          
           3.73                      3875          
           3.74                      2933          
           3.75                      3332          
           3.76                      2558          
           3.77                      1660          
           3.78                      2720          
           3.79                      3005          
           3.80                      2688          
           3.81                      2819          
           3.82                      4687          
           3.83                      3066          
           3.84                      2659          
           3.85                      3880          
           3.86                      4394          
           3.87                      4136          
           3.88                      2663          
           3.89                      4159          
           3.90                      2846          
           3.91                      3475          
           3.92                      2928          
           3.93                      2206          
           3.94                      3229          
           3.95                      4701          
           3.96                      4959          
           3.97                      2721          
           3.98                      2667          
           3.99                      2802          
           4.00                      2567          
           4.01                      1847          
           4.02                      2262          
           4.03                      2730          
           4.04                      2620          
           4.05                      3098          
           4.06                      2334          
           4.07                      2616          
           4.08                      2910          
           4.09                      2920          
           4.10                      4216          
           4.11                      3432          
           4.12                      1874          
           4.13                      2630          
           4.14                      2952          
           4.15                      2388          
           4.16                      2628          
           4.17                      2498          
           4.18                      1803          
           4.19                      4180          
           4.20                      2902          
           4.21                      2177          
           4.22                      4591          
           4.23                      2082          
           4.24                      4319          
           4.25                      3312          
           4.26                      3770          
           4.27                      3685          
           4.28                      3837          
           4.29                      6833          
           4.30                      3421          
           4.31                      3079          
           4.32                      2892          
           4.33                      2756          
           4.34                      4998          
           4.35                      3269          
           4.36                      2197          
           4.37                      3094          
           4.38                      3866          
           4.39                      3588          
           4.40                      3691          
           4.41                      3431          
           4.42                      3057          
           4.43                      3736          
           4.44                      4229          
           4.45                      3020          
           4.46                      3848          
           4.47                      3417          
           4.48                      5100          
           4.49                      2857          
           4.50                      2636          
           4.51                      3779          
           4.52                      5331          
           4.53                      3184          
           4.54                      1963          
           4.55                      4393          
           4.56                      2449          
           4.57                      4091          
           4.58                      2924          
           4.59                      2368          
           4.60                      2575          
           4.61                      2966          
           4.62                      4227          
           4.63                      2727          
           4.64                      2684          
           4.65                      2835          
           4.66                      4812          
           4.67                      2964          
           4.68                      3070          
           4.69                      3363          
           4.70                      6682          
           4.71                      3283          
           4.72                      3013          
           4.73                      2093          
           4.74                      4223          
           4.75                      4952          
           4.76                      2768          
           4.77                      2801          
           4.78                      4015          
           4.79                      3029          
           4.80                      4454          
           4.81                      6076          
           4.82                      7048          
           4.83                      3396          
           4.84                      2261          
           4.85                      3106          
           4.86                      2312          
           4.87                      3502          
           4.88                      5235          
           4.89                      3191          
           4.90                      2013          
           4.91                      4365          
           4.92                      3255          
           4.93                      3078          
           4.94                      4109          
           4.95                      3489          
           4.96                      2711          
           4.97                      3429          
           4.98                      3519          
           4.99                      3213          
           5.00                      4372          
           5.01                      2625          
           5.02                      2912          
           5.03                      2552          
           5.04                      3962          
           5.05                      3034          
           5.06                      2623          
           5.07                      2595          
           5.08                      3097          
           5.09                      2144          
           5.10                      4000          
           5.11                      3343          
           5.12                      3285          
           5.13                      3565          
           5.14                      4318          
           5.15                      6187          
           5.16                      5743          
           5.17                      5828          
           5.18                      3045          
           5.19                      2198          
           5.20                      2505          
           5.21                      2928          
           5.22                      3716          
           5.23                      2591          
           5.24                      3261          
           5.25                      5024          
           5.26                      2835          
           5.27                      4134          
           5.28                      4093          
           5.29                      3852          
           5.30                      3796          
           5.31                      3419          
           5.32                      3805          
           5.33                      2437          
           5.34                      3442          
           5.35                      2745          
           5.36                      2241          
           5.37                      3430          
           5.38                      3345          
           5.39                      3980          
           5.40                      3141          
           5.41                      2712          
           5.42                      2979          
           5.43                      2342          
           5.44                      4894          
           5.45                      7804          
           5.46                      2824          
           5.47                      2408          
           5.48                      3719          
           5.49                      3146          
           5.50                      3932          
           5.51                      4326          
           5.52                      3782          
           5.53                      4491          
           5.54                      4068          
           5.55                      3188          
           5.56                      3480          
           5.57                      5730          
           5.58                      2945          
           5.59                      3103          
           5.60                      4440          
           5.61                      3694          
           5.62                      4030          
           5.63                      4068          
           5.64                      4880          
           5.65                      3626          
           5.66                      2714          
           5.67                      3706          
           5.68                      3714          
           5.69                      2057          
           5.70                      2912          
           5.71                      3629          
           5.72                      8424          
           5.73                      3984          
           5.74                      2384          
           5.75                      3135          
           5.76                      4036          
           5.77                      4096          
           5.78                      2606          
           5.79                      5348          
           5.80                      2176          
           5.81                      3095          
           5.82                      5728          
           5.83                      3484          
           5.84                      3713          
           5.85                      2685          
           5.86                      3507          
           5.87                      2936          
           5.88                      2836          
           5.89                      3116          
           5.90                      1766          
           5.91                      2103          
           5.92                      5419          
           5.93                      2884          
           5.94                      2723          
           5.95                      3879          
           5.96                      2702          
           5.97                      3412          
           5.98                      3562          
           5.99                      3541          
           6.00                      2346          
           6.01                      2123          
           6.02                      3314          
           6.03                      4337          
           6.04                      3131          
           6.05                      4127          
           6.06                      2737          
           6.07                      3234          
           6.08                      2937          
           6.09                      3705          
           6.10                      2834          
           6.11                      4781          
           6.12                      3555          
           6.13                      2038          
           6.14                      2427          
           6.15                      2648          
           6.16                      6536          
           6.17                      2634          
           6.18                      1860          
           6.19                      3635          
           6.20                      3617          
           6.21                      2911          
           6.22                      2894          
           6.23                      5982          
           6.24                      6035          
           6.25                      4724          
           6.26                      2664          
           6.27                      2785          
           6.28                      4044          
           6.29                      2640          
           6.30                      6324          
           6.31                      2559          
           6.32                      3638          
           6.33                      3747          
           6.34                      3998          
           6.35                      3008          
           6.36                      4306          
           6.37                      3544          
           6.38                      1947          
           6.39                      5763          
           6.40                      3486          
           6.41                      3877          
           6.42                      2180          
           6.43                      2459          
           6.44                      2226          
           6.45                      3279          
           6.46                      1894          
           6.47                      2403          
           6.48                      2316          
           6.49                      2642          
           6.50                      2649          
           6.51                      2907          
           6.52                      3179          
           6.53                      4307          
           6.54                      2605          
           6.55                      2572          
           6.56                      2419          
           6.57                      2529          
           6.58                      3172          
           6.59                      4350          
           6.60                      2315          
           6.61                      2930          
           6.62                      2730          
           6.63                      5393          
           6.64                      2238          
           6.65                      2151          
           6.66                      3970          
           6.67                      4628          
           6.68                      3305          
           6.69                      3764          
           6.70                      4251          
           6.71                      4205          
           6.72                      3130          
           6.73                      5539          
           6.74                      3471          
           6.75                      2643          
           6.76                      3291          
           6.77                      4310          
           6.78                      3059          
           6.79                      3292          
           6.80                      2735          
           6.81                      3124          
           6.82                      3308          
           6.83                      1953          
           6.84                      2217          
           6.85                      3735          
           6.86                      3061          
           6.87                      2505          
           6.88                      3939          
           6.89                      5148          
           6.90                      1991          
           6.91                      3147          
           6.92                      4100          
           6.93                      4055          
           6.94                      2516          
           6.95                      2514          
           6.96                      3211          
           6.97                      2101          
           6.98                      2901          
           6.99                      2946          
           7.00                      3660          
           7.01                      2732          
           7.02                      2716          
           7.03                      3770          
           7.04                      3255          
           7.05                      2965          
           7.06                      3105          
           7.07                      3390          
           7.08                      2395          
           7.09                      2506          
           7.10                      2616          
           7.11                      2420          
           7.12                      5639          
           7.13                      2321          
           7.14                      3094          
           7.15                      2361          
           7.16                      2808          
           7.17                      2712          
           7.18                      1959          
           7.19                      2023          
           7.20                      4360          
           7.21                      8010          
           7.22                      2558          
           7.23                      3329          
           7.24                      3698          
           7.25                      3218          
           7.26                      3854          
           7.27                      1943          
           7.28                      2690          
           7.29                      3844          
           7.30                      2865          
           7.31                      1641          
           7.32                      2801          
           7.33                      3750          
           7.34                      3207          
           7.35                      3252          
           7.36                      4249          
           7.37                      2594          
           7.38                      4178          
           7.39                      2854          
           7.40                      2217          
           7.41                      2961          
           7.42                      3229          
           7.43                      3802          
           7.44                      4161          
           7.45                      3207          
           7.46                      4746          
           7.47                      4502          
           7.48                      2720          
           7.49                      2888          
           7.50                      2516          
           7.51                      7566          
           7.52                      2561          
           7.53                      2161          
           7.54                      3933          
           7.55                      2541          
           7.56                      1988          
           7.57                      2357          
           7.58                      4017          
           7.59                      2686          
           7.60                      2326          
           7.61                      5860          
           7.62                      3135          
           7.63                      3383          
           7.64                      2515          
           7.65                      2710          
           7.66                      3712          
           7.67                      1918          
           7.68                      2137          
           7.69                      2529          
           7.70                      3400          
           7.71                      4417          
           7.72                      3422          
           7.73                      4471          
           7.74                      3261          
           7.75                      3627          
           7.76                      2639          
           7.77                      2911          
           7.78                      2388          
           7.79                      2469          
           7.80                      2967          
           7.81                      3963          
           7.82                      1862          
           7.83                      2580          
           7.84                      2874          
           7.85                      2621          
           7.86                      4557          
           7.87                      5003          
           7.88                      3668          
           7.89                      3437          
           7.90                      2356          
           7.91                      3013          
           7.92                      2768          
           7.93                      8554          
           7.94                      2644          
           7.95                      2663          
           7.96                      2985          
           7.97                      3946          
           7.98                      4080          
           7.99                      3830          
           8.00                      3205          
           8.01                      4468          
           8.02                      3615          
           8.03                      2969          
           8.04                      4142          
           8.05                      3765          
           8.06                      2760          
           8.07                      3066          
           8.08                      3722          
           8.09                      4694          
           8.10                      2511          
           8.11                      2928          
           8.12                      2756          
           8.13                      2608          
           8.14                      3751          
           8.15                      2710          
           8.16                      2851          
           8.17                      3935          
           8.18                      5807          
           8.19                      2834          
           8.20                      2262          
           8.21                      3298          
           8.22                      2605          
           8.23                      3615          
           8.24                      6969          
           8.25                      4725          
           8.26                      3352          
           8.27                      3623          
           8.28                      4143          
           8.29                      2111          
           8.30                      2483          
           8.31                      2116          
           8.32                      2433          
           8.33                      3701          
           8.34                      4050          
           8.35                      4898          
           8.36                      2237          
           8.37                      3565          
           8.38                      3420          
           8.39                      3779          
           8.40                      3801          
           8.41                      2934          
           8.42                      5145          
           8.43                      2633          
           8.44                      2772          
           8.45                      5277          
           8.46                      2989          
           8.47                      3389          
           8.48                      3283          
           8.49                      2531          
           8.50                      3177          
           8.51                      4055          
           8.52                      3080          
           8.53                      2936          
           8.54                      3422          
           8.55                      3173          
           8.56                      4542          
           8.57                      2798          
           8.58                      3858          
           8.59                      1820          
           8.60                      2734          
           8.61                      3171          
           8.62                      3034          
           8.63                      1815          
           8.64                      2307          
           8.65                      2394          
           8.66                      5375          
           8.67                      2534          
           8.68                      4301          
           8.69                      2170          
           8.70                      2900          
           8.71                      3153          
           8.72                      2495          
           8.73                      2509          
           8.74                      2788          
           8.75                      3120          
           8.76                      1486          
           8.77                      3203          
           8.78                      4100          
           8.79                      3211          
           8.80                      2841          
           8.81                      3051          
           8.82                      3009          
           8.83                      4599          
           8.84                      2776          
           8.85                      6503          
           8.86                      4203          
           8.87                      3280          
           8.88                      2859          
           8.89                      3507          
           8.90                      2508          
           8.91                      2104          
           8.92                      2101          
           8.93                      1951          
           8.94                      3377          
           8.95                      2352          
           8.96                      4970          
           8.97                      2300          
           8.98                      2712          
           8.99                      4133          
           9.00                      3144          
           9.01                      3015          
           9.02                      2847          
           9.03                      5275          
           9.04                      4077          
           9.05                      2169          
           9.06                      6096          
           9.07                      2790          
           9.08                      3019          
           9.09                      3824          
           9.10                      3855          
           9.11                      2099          
           9.12                      3119          
           9.13                      3781          
           9.14                      4716          
           9.15                      2618          
           9.16                      5969          
           9.17                      6547          
           9.18                      3789          
           9.19                      5098          
           9.20                      1970          
           9.21                      3302          
           9.22                      4535          
           9.23                      2053          
           9.24                      3724          
           9.25                      2827          
           9.26                      2696          
           9.27                      3189          
           9.28                      3535          
           9.29                      5946          
           9.30                      2369          
           9.31                      4527          
           9.32                      2270          
           9.33                      2091          
           9.34                      1790          
           9.35                      3673          
           9.36                      3194          
           9.37                      3758          
           9.38                      6966          
           9.39                      2977          
           9.40                      2447          
           9.41                      6622          
           9.42                      4427          
           9.43                      1654          
           9.44                      3530          
           9.45                      3529          
           9.46                      1930          
           9.47                      4790          
           9.48                      3185          
           9.49                      4607          
           9.50                      3368          
           9.51                      3710          
           9.52                      2427          
           9.53                      4437          
           9.54                      4438          
           9.55                      2490          
           9.56                      4861          
           9.57                      2964          
           9.58                      3357          
           9.59                      2946          
           9.60                      3712          
           9.61                      3708          
           9.62                      6077          
           9.63                      3756          
           9.64                      4465          
           9.65                      4220          
           9.66                      3287          
           9.67                      2625          
           9.68                      3228          
           9.69                      2466          
           9.70                      3793          
           9.71                      3995          
           9.72                      4193          
           9.73                      2932          
           9.74                      2622          
           9.75                      2576          
           9.76                      4267          
           9.77                      4263          
           9.78                      4829          
           9.79                      2747          
           9.80                      2124          
           9.81                      3417          
           9.82                      2536          
           9.83                      2890          
           9.84                      2436          
           9.85                      4128          
           9.86                      4985          
           9.87                      3713          
           9.88                      3136          
           9.89                      2611          
           9.90                      2992          
           9.91                      3211          
           9.92                      2276          
           9.93                      2976          
           9.94                      2366          
           9.95                      2449          
           9.96                      2743          
           9.97                      2308          
           9.98                      3448          
           9.99                      4578          
