 Timestep   N_clusts  all_parts  thr_clusts thr_parts 
   0.0       87752      100000       0          0     
   0.1       16997      100000      670       65225   
   0.2       16945      100000      619       65276   
   0.3       17017      100000      620       64274   
   0.4       17293      100000      600       64342   
   0.5       17255      100000      573       63921   
   0.6       17241      100000      601       63772   
   0.7       17474      100000      563       63940   
   0.8       17575      100000      606       63647   
   0.9       17561      100000      578       63356   
   1.0       17655      100000      566       63169   
   1.1       17749      100000      564       62475   
   1.2       17663      100000      534       62373   
   1.3       17875      100000      601       62244   
   1.4       17843      100000      564       62343   
   1.5       18108      100000      573       61666   
   1.6       18517      100000      549       60613   
   1.7       18499      100000      550       60776   
   1.8       18585      100000      535       60551   
   1.9       19026      100000      508       59243   
   2.0       19178      100000      492       59754   
   2.1       19736      100000      494       58345   
   2.2       20024      100000      416       58061   
   2.3       20014      100000      402       58372   
   2.4       20215      100000      329       57780   
   2.5       20424      100000      284       58259   
   2.6       20198      100000      246       59810   
   2.7       20634      100000      167       59604   
   2.8       20326      100000      154       61656   
   2.9       19692      100000       95       63203   
   3.0       19344      100000       73       65025   
   3.1       19507      100000       41       66269   
   3.2       18673      100000       31       68351   
   3.3       18168      100000       15       70618   
   3.4       17368      100000       14       72778   
   3.5       16684      100000       12       74496   
   3.6       16312      100000       10       75609   
   3.7       16128      100000       8        76381   
   3.8       15684      100000       8        77095   
   3.9       15465      100000       7        78013   
   4.0       15247      100000       6        78407   
   4.1       15053      100000       7        78991   
   4.2       14691      100000       6        79478   
   4.3       14491      100000       6        79961   
   4.4       14634      100000       6        79853   
   4.5       14357      100000       6        80113   
   4.6       14426      100000       7        80076   
   4.7       14618      100000       6        79622   
   4.8       14712      100000       6        79680   
   4.9       14491      100000       6        79980   
   5.0       14461      100000       6        79927   
   5.1       14562      100000       6        79823   
   5.2       14548      100000       6        79941   
   5.3       14492      100000       8        79849   
   5.4       14497      100000       7        79837   
   5.5       14728      100000       6        79552   
   5.6       14573      100000       7        79536   
   5.7       14794      100000       6        79402   
   5.8       15000      100000       6        78928   
   5.9       15041      100000       6        78640   
   6.0       15097      100000       7        78675   
   6.1       15014      100000       6        78851   
   6.2       14995      100000       8        79106   
   6.3       14993      100000       10       78824   
   6.4       15103      100000       6        78894   
   6.5       15035      100000       7        78877   
   6.6       15098      100000       6        79054   
   6.7       14848      100000       7        79214   
   6.8       14979      100000       6        79288   
   6.9       14776      100000       6        79286   
   7.0       14746      100000       6        79497   
   7.1       14705      100000       6        79476   
   7.2       14723      100000       7        79376   
   7.3       14709      100000       9        79569   
   7.4       14778      100000       5        79277   
   7.5       14772      100000       6        79509   
   7.6       14710      100000       5        79537   
   7.7       14806      100000       6        79735   
   7.8       14625      100000       5        79764   
   7.9       14740      100000       5        79671   
   8.0       14676      100000       5        79596   
   8.1       14665      100000       6        79515   
   8.2       14743      100000       5        79670   
   8.3       14702      100000       5        79610   
   8.4       14729      100000       5        79494   
   8.5       14827      100000       6        79548   
   8.6       14733      100000       5        79669   
   8.7       14697      100000       5        79724   
   8.8       14471      100000       5        80088   
   8.9       14384      100000       5        80372   
   9.0       14264      100000       5        80554   
   9.1       14116      100000       5        80726   
   9.2       14394      100000       5        80239   
   9.3       14456      100000       8        79913   
   9.4       14660      100000       5        79481   
   9.5       14795      100000       7        79469   
   9.6       14706      100000       5        79586   
   9.7       14722      100000       7        79609   
   9.8       14638      100000       5        79882   
   9.9       14410      100000       5        80262   
   10.0      14158      100000       7        80711   
   10.1      14065      100000       5        80895   
   10.2      13969      100000       5        80930   
   10.3      14054      100000       5        81053   
   10.4      14008      100000       5        81042   
   10.5      14153      100000       5        80800   
   10.6      14153      100000       5        80677   
   10.7      14242      100000       6        80551   
   10.8      14072      100000       6        80515   
   10.9      14463      100000       5        80152   
   11.0      14646      100000       5        79940   
   11.1      14570      100000       7        79862   
   11.2      14620      100000       6        79744   
   11.3      14586      100000       6        79680   
   11.4      14632      100000       5        79493   
   11.5      14894      100000       5        79468   
   11.6      14725      100000       7        79632   
   11.7      14799      100000       5        79574   
   11.8      14910      100000       8        79470   
   11.9      14850      100000       5        79379   
   12.0      14640      100000       6        79452   
   12.1      14806      100000       6        79388   
   12.2      15010      100000       4        79090   
   12.3      14864      100000       3        79265   
   12.4      14855      100000       3        79440   
   12.5      14633      100000       3        79634   
   12.6      14664      100000       4        79910   
   12.7      14357      100000       3        80284   
   12.8      14360      100000       3        80420   
   12.9      14292      100000       3        80678   
   13.0      14116      100000       3        80799   
   13.1      14046      100000       3        80987   
   13.2      13842      100000       3        81212   
   13.3      13936      100000       3        81141   
   13.4      13793      100000       3        81397   
   13.5      13746      100000       4        81618   
   13.6      13677      100000       3        81622   
   13.7      13694      100000       3        81543   
   13.8      13760      100000       3        81530   
   13.9      13857      100000       3        81270   
   14.0      13968      100000       3        81110   
   14.1      14048      100000       3        80863   
   14.2      13931      100000       3        80988   
   14.3      14100      100000       4        80756   
   14.4      14365      100000       3        80418   
   14.5      14312      100000       3        80539   
   14.6      14367      100000       3        80653   
   14.7      14201      100000       3        80594   
   14.8      13950      100000       3        80661   
   14.9      14228      100000       4        80822   
   15.0      14022      100000       3        80914   
   15.1      14134      100000       4        80786   
   15.2      14299      100000       4        80585   
   15.3      14417      100000       3        80098   
   15.4      14435      100000       2        80166   
   15.5      14505      100000       2        80082   
   15.6      14453      100000       2        80288   
   15.7      14282      100000       2        80646   
   15.8      14091      100000       2        80909   
   15.9      13861      100000       2        81410   
   16.0      13909      100000       2        81415   
   16.1      13719      100000       3        81545   
   16.2      13753      100000       2        81622   
   16.3      13697      100000       3        81668   
   16.4      13615      100000       2        81519   
   16.5      13710      100000       2        81507   
   16.6      13709      100000       2        81496   
   16.7      13964      100000       2        81372   
   16.8      13913      100000       2        81233   
   16.9      14084      100000       2        80961   
   17.0      13904      100000       2        81114   
   17.1      14107      100000       2        81215   
   17.2      13955      100000       2        81155   
   17.3      13814      100000       2        81345   
   17.4      13886      100000       2        81425   
   17.5      13677      100000       2        81656   
   17.6      13623      100000       2        81854   
   17.7      13624      100000       3        81837   
   17.8      13679      100000       2        81820   
   17.9      13743      100000       2        81687   
   18.0      13726      100000       2        81508   
   18.1      13772      100000       3        81523   
   18.2      13651      100000       2        81538   
   18.3      13626      100000       2        81874   
   18.4      13699      100000       2        81774   
   18.5      13770      100000       2        81552   
   18.6      13770      100000       3        81703   
   18.7      13651      100000       2        81863   
   18.8      13563      100000       2        82061   
   18.9      13639      100000       2        82034   
   19.0      13566      100000       2        81805   
   19.1      13521      100000       2        81956   
   19.2      13723      100000       2        81569   
   19.3      13766      100000       2        81701   
   19.4      13683      100000       2        81678   
   19.5      13809      100000       2        81598   
   19.6      13875      100000       2        81581   
   19.7      13809      100000       2        81632   
   19.8      13724      100000       2        81612   
   19.9      13744      100000       2        81653   
   20.0      13765      100000       2        81459   
   20.1      13913      100000       2        81530   
   20.2      13874      100000       2        81520   
   20.3      13578      100000       2        81620   
   20.4      13701      100000       2        81764   
   20.5      13656      100000       2        82047   
   20.6      13513      100000       2        81896   
   20.7      13548      100000       2        81938   
   20.8      13571      100000       2        82015   
   20.9      13596      100000       2        82037   
   21.0      13444      100000       2        82026   
   21.1      13456      100000       2        82106   
   21.2      13437      100000       2        82229   
   21.3      13422      100000       3        82216   
   21.4      13307      100000       2        82368   
   21.5      13248      100000       2        82473   
   21.6      13448      100000       2        82257   
   21.7      13381      100000       2        82252   
   21.8      13318      100000       2        82410   
   21.9      13285      100000       2        82425   
   22.0      13317      100000       2        82516   
   22.1      13266      100000       2        82605   
   22.2      13213      100000       2        82718   
   22.3      13118      100000       2        82883   
   22.4      13174      100000       2        82841   
   22.5      13114      100000       2        82819   
   22.6      13161      100000       2        82762   
   22.7      13178      100000       3        82695   
   22.8      13251      100000       2        82555   
   22.9      13174      100000       2        82613   
   23.0      13335      100000       2        82494   
   23.1      13200      100000       3        82735   
   23.2      13170      100000       2        82721   
   23.3      13207      100000       3        82652   
   23.4      13265      100000       2        82497   
   23.5      13341      100000       2        82401   
   23.6      13241      100000       3        82538   
   23.7      13396      100000       2        82373   
   23.8      13298      100000       2        82398   
   23.9      13358      100000       2        82259   
   24.0      13294      100000       2        82297   
   24.1      13362      100000       2        82328   
   24.2      13380      100000       2        82344   
   24.3      13360      100000       4        82290   
   24.4      13332      100000       2        82231   
   24.5      13423      100000       3        82338   
   24.6      13389      100000       2        82425   
   24.7      13289      100000       2        82549   
   24.8      13228      100000       2        82475   
   24.9      13256      100000       2        82608   
   25.0      13075      100000       2        82665   
   25.1      13203      100000       2        82545   
   25.2      13278      100000       2        82469   
   25.3      13244      100000       2        82356   
   25.4      13404      100000       2        82206   
   25.5      13417      100000       2        82369   
   25.6      13350      100000       2        82272   
   25.7      13421      100000       2        82173   
   25.8      13406      100000       2        82303   
   25.9      13487      100000       2        82067   
   26.0      13512      100000       2        82070   
   26.1      13483      100000       2        82065   
   26.2      13474      100000       2        81888   
   26.3      13690      100000       2        81705   
   26.4      13679      100000       2        81698   
   26.5      13573      100000       2        81901   
   26.6      13536      100000       2        81882   
   26.7      13663      100000       2        81929   
   26.8      13605      100000       2        81979   
   26.9      13437      100000       2        82001   
   27.0      13576      100000       2        81966   
   27.1      13618      100000       2        81907   
   27.2      13624      100000       2        81858   
   27.3      13601      100000       2        81952   
   27.4      13499      100000       3        81878   
   27.5      13558      100000       3        81881   
   27.6      13418      100000       2        82075   
   27.7      13294      100000       2        82258   
   27.8      13564      100000       2        82136   
   27.9      13568      100000       2        82136   
   28.0      13332      100000       2        82224   
   28.1      13336      100000       2        82161   
   28.2      13346      100000       2        82298   
   28.3      13277      100000       2        82374   
   28.4      13366      100000       2        82346   
   28.5      13307      100000       2        82333   
   28.6      13465      100000       2        82157   
   28.7      13568      100000       2        81753   
   28.8      13808      100000       2        81517   
   28.9      13876      100000       2        81384   
   29.0      13951      100000       2        81033   
   29.1      14104      100000       3        80969   
   29.2      14026      100000       3        81274   
   29.3      13937      100000       2        81129   
   29.4      14099      100000       2        81143   
   29.5      14004      100000       2        81181   
   29.6      13905      100000       2        81315   
   29.7      13816      100000       3        81472   
   29.8      13947      100000       2        81306   
   29.9      13933      100000       2        81236   
   30.0      14020      100000       2        81197   
   30.1      13851      100000       2        81457   
   30.2      13860      100000       2        81435   
   30.3      13707      100000       2        81736   
   30.4      13525      100000       2        82066   
   30.5      13354      100000       2        82324   
   30.6      13457      100000       2        82363   
   30.7      13171      100000       2        82568   
   30.8      13199      100000       2        82536   
   30.9      13189      100000       2        82579   
   31.0      13242      100000       2        82561   
   31.1      13359      100000       2        82473   
   31.2      13215      100000       2        82547   
   31.3      13297      100000       2        82494   
   31.4      13399      100000       3        82392   
   31.5      13413      100000       2        82328   
   31.6      13396      100000       2        82392   
   31.7      13338      100000       2        82390   
   31.8      13359      100000       2        82475   
   31.9      13222      100000       2        82420   
   32.0      13397      100000       2        82150   
   32.1      13536      100000       2        81926   
   32.2      13559      100000       2        81912   
   32.3      13673      100000       2        81774   
   32.4      13824      100000       2        81545   
   32.5      13780      100000       2        81590   
   32.6      13737      100000       2        81652   
   32.7      13690      100000       2        81694   
   32.8      13698      100000       2        81868   
   32.9      13443      100000       2        82030   
   33.0      13432      100000       2        82111   
   33.1      13500      100000       2        82233   
   33.2      13363      100000       2        82196   
   33.3      13431      100000       2        82196   
   33.4      13409      100000       2        82276   
   33.5      13428      100000       2        82285   
   33.6      13595      100000       2        82230   
   33.7      13375      100000       2        82249   
   33.8      13642      100000       2        82014   
   33.9      13623      100000       2        81864   
   34.0      13665      100000       2        81844   
   34.1      13617      100000       2        81820   
   34.2      13519      100000       2        81813   
   34.3      13562      100000       2        81875   
   34.4      13599      100000       2        82063   
   34.5      13560      100000       2        82074   
   34.6      13506      100000       2        82080   
   34.7      13423      100000       2        82217   
   34.8      13283      100000       2        82181   
   34.9      13548      100000       2        82190   
   35.0      13480      100000       3        82219   
   35.1      13591      100000       2        82015   
   35.2      13482      100000       2        82092   
   35.3      13503      100000       2        82067   
   35.4      13605      100000       2        82023   
   35.5      13452      100000       2        81959   
   35.6      13486      100000       2        82015   
   35.7      13541      100000       2        81990   
   35.8      13660      100000       2        81896   
   35.9      13507      100000       2        81975   
   36.0      13525      100000       2        82096   
   36.1      13399      100000       2        82153   
   36.2      13394      100000       2        82051   
   36.3      13498      100000       3        82152   
   36.4      13390      100000       3        82230   
   36.5      13595      100000       2        81973   
   36.6      13658      100000       2        81811   
   36.7      13643      100000       2        81877   
   36.8      13573      100000       2        81868   
   36.9      13695      100000       2        81590   
   37.0      13760      100000       2        81583   
   37.1      13915      100000       2        81376   
   37.2      13944      100000       2        81447   
   37.3      13687      100000       2        81521   
   37.4      13808      100000       2        81609   
   37.5      13864      100000       2        81558   
   37.6      13638      100000       2        81776   
   37.7      13637      100000       3        81843   
   37.8      13739      100000       2        81580   
   37.9      13761      100000       2        81518   
   38.0      13668      100000       2        81652   
   38.1      13721      100000       2        81698   
   38.2      13712      100000       2        81590   
   38.3      13732      100000       2        81544   
   38.4      13671      100000       2        81413   
   38.5      14086      100000       2        81049   
   38.6      14021      100000       2        81072   
   38.7      14037      100000       2        81049   
   38.8      14039      100000       2        80940   
   38.9      14102      100000       2        81130   
   39.0      13998      100000       2        81108   
   39.1      13988      100000       3        81080   
   39.2      13909      100000       2        81239   
   39.3      13961      100000       2        81449   
   39.4      13730      100000       2        81574   
   39.5      13823      100000       2        81519   
   39.6      13822      100000       2        81629   
   39.7      13686      100000       2        81720   
   39.8      13602      100000       2        81784   
   39.9      13512      100000       2        82088   
   40.0      13628      100000       2        82163   
   40.1      13383      100000       2        82301   
   40.2      13334      100000       2        82381   
   40.3      13284      100000       2        82442   
   40.4      13234      100000       2        82385   
   40.5      13227      100000       2        82477   
   40.6      13178      100000       2        82796   
   40.7      13240      100000       2        82638   
   40.8      13358      100000       2        82691   
   40.9      13190      100000       2        82666   
   41.0      13327      100000       2        82437   
   41.1      13390      100000       2        82400   
   41.2      13349      100000       2        82410   
   41.3      13316      100000       2        82363   
   41.4      13533      100000       2        82180   
   41.5      13376      100000       3        82248   
   41.6      13403      100000       2        82227   
   41.7      13450      100000       2        82143   
   41.8      13449      100000       2        82152   
   41.9      13458      100000       2        82096   
   42.0      13657      100000       2        81945   
   42.1      13538      100000       2        82080   
   42.2      13658      100000       2        82037   
   42.3      13529      100000       2        82135   
   42.4      13561      100000       2        82163   
   42.5      13494      100000       2        82322   
   42.6      13456      100000       2        82242   
   42.7      13457      100000       2        82282   
   42.8      13555      100000       2        81951   
   42.9      13435      100000       2        82096   
   43.0      13458      100000       2        82116   
   43.1      13507      100000       2        82040   
   43.2      13467      100000       2        82166   
   43.3      13547      100000       2        82144   
   43.4      13347      100000       2        82135   
   43.5      13491      100000       2        81960   
   43.6      13535      100000       2        81936   
   43.7      13602      100000       2        81909   
   43.8      13629      100000       2        81873   
   43.9      13703      100000       2        81704   
   44.0      13667      100000       2        81722   
   44.1      13689      100000       2        81880   
   44.2      13586      100000       2        81909   
   44.3      13672      100000       3        81818   
   44.4      13831      100000       2        81521   
   44.5      13754      100000       2        81780   
   44.6      13599      100000       2        81865   
   44.7      13480      100000       3        82140   
   44.8      13624      100000       2        81974   
   44.9      13570      100000       2        81902   
   45.0      13436      100000       2        81965   
   45.1      13441      100000       2        81996   
   45.2      13425      100000       2        82145   
   45.3      13520      100000       2        82188   
   45.4      13466      100000       2        82017   
   45.5      13586      100000       2        81715   
   45.6      13721      100000       3        81587   
   45.7      13762      100000       2        81359   
   45.8      13870      100000       3        81331   
   45.9      13874      100000       2        81363   
   46.0      13854      100000       2        81361   
   46.1      13850      100000       2        81452   
   46.2      13818      100000       2        81602   
   46.3      13669      100000       3        81747   
   46.4      13748      100000       2        81714   
   46.5      13772      100000       2        81699   
   46.6      13615      100000       2        81693   
   46.7      13509      100000       2        81988   
   46.8      13463      100000       2        82034   
   46.9      13600      100000       2        81919   
   47.0      13690      100000       2        81858   
   47.1      13656      100000       2        81853   
   47.2      13744      100000       2        81637   
   47.3      13882      100000       3        81442   
   47.4      13929      100000       2        81370   
   47.5      13858      100000       3        81431   
   47.6      13844      100000       2        81554   
   47.7      13814      100000       2        81644   
   47.8      13793      100000       2        81634   
   47.9      13688      100000       2        81850   
   48.0      13699      100000       3        81873   
   48.1      13739      100000       2        81791   
   48.2      13690      100000       2        81708   
   48.3      13669      100000       2        81820   
   48.4      13560      100000       2        81733   
   48.5      13616      100000       2        81713   
   48.6      13587      100000       2        81742   
   48.7      13625      100000       2        81861   
   48.8      13615      100000       2        81864   
   48.9      13600      100000       2        81884   
   49.0      13587      100000       3        81738   
   49.1      13735      100000       2        81726   
   49.2      13810      100000       2        81564   
   49.3      13816      100000       2        81521   
   49.4      13703      100000       2        81657   
   49.5      13722      100000       2        81643   
   49.6      13721      100000       2        81713   
   49.7      13537      100000       2        81871   
   49.8      13476      100000       2        82150   
   49.9      13475      100000       2        82078   
   50.0      13523      100000       2        82027   
   50.1      13454      100000       2        82046   
   50.2      13569      100000       2        81974   
   50.3      13573      100000       2        81908   
   50.4      13674      100000       2        81879   
   50.5      13518      100000       2        81928   
   50.6      13550      100000       2        81776   
   50.7      13624      100000       2        81671   
   50.8      13704      100000       2        81692   
   50.9      13701      100000       2        81803   
   51.0      13590      100000       2        82032   
   51.1      13537      100000       2        82074   
   51.2      13705      100000       2        81845   
   51.3      13635      100000       2        81868   
   51.4      13560      100000       2        81817   
   51.5      13699      100000       2        81797   
   51.6      13615      100000       2        81846   
   51.7      13517      100000       2        82006   
   51.8      13557      100000       2        82011   
   51.9      13561      100000       2        82133   
   52.0      13603      100000       2        82051   
   52.1      13436      100000       3        82122   
   52.2      13678      100000       2        81942   
   52.3      13551      100000       2        82075   
   52.4      13595      100000       2        81841   
   52.5      13702      100000       2        81684   
   52.6      13875      100000       2        81488   
   52.7      13701      100000       3        81583   
   52.8      13852      100000       2        81437   
   52.9      14043      100000       2        81007   
   53.0      13945      100000       2        81101   
   53.1      13970      100000       2        81339   
   53.2      13833      100000       2        81581   
   53.3      13900      100000       2        81560   
   53.4      13712      100000       2        81757   
   53.5      13723      100000       2        81780   
   53.6      13755      100000       2        81703   
   53.7      13858      100000       4        81463   
   53.8      14016      100000       3        81256   
   53.9      13851      100000       2        81301   
   54.0      13824      100000       2        81464   
   54.1      13881      100000       2        81666   
   54.2      13656      100000       2        81871   
   54.3      13560      100000       2        81998   
   54.4      13613      100000       2        81938   
   54.5      13534      100000       2        82034   
   54.6      13524      100000       2        82090   
   54.7      13618      100000       2        81992   
   54.8      13580      100000       3        81924   
   54.9      13727      100000       2        81774   
   55.0      13650      100000       2        81742   
   55.1      13837      100000       2        81464   
   55.2      13923      100000       2        81393   
   55.3      13746      100000       2        81460   
   55.4      13747      100000       2        81386   
   55.5      13991      100000       2        81165   
   55.6      13951      100000       2        81185   
   55.7      13982      100000       2        81198   
   55.8      13793      100000       2        81385   
   55.9      13808      100000       2        81488   
   56.0      13853      100000       2        81461   
   56.1      13892      100000       2        81261   
   56.2      13969      100000       2        81154   
   56.3      14098      100000       2        81024   
   56.4      13992      100000       2        81142   
   56.5      14054      100000       2        81059   
   56.6      14102      100000       2        81069   
   56.7      14089      100000       2        80984   
   56.8      13983      100000       2        81022   
   56.9      14054      100000       2        81041   
   57.0      14055      100000       2        81052   
   57.1      14109      100000       2        81075   
   57.2      13928      100000       2        81085   
   57.3      14092      100000       2        81235   
   57.4      13848      100000       2        81546   
   57.5      13698      100000       2        81841   
   57.6      13546      100000       2        81943   
   57.7      13383      100000       2        82173   
   57.8      13576      100000       3        82178   
   57.9      13573      100000       2        82044   
   58.0      13378      100000       2        82254   
   58.1      13454      100000       2        82340   
   58.2      13337      100000       2        82311   
   58.3      13403      100000       2        82294   
   58.4      13413      100000       2        82323   
   58.5      13361      100000       2        82509   
   58.6      13484      100000       2        82210   
   58.7      13470      100000       3        82184   
   58.8      13502      100000       2        82010   
   58.9      13689      100000       2        81850   
   59.0      13587      100000       2        81739   
   59.1      13667      100000       2        81689   
   59.2      13549      100000       2        81801   
   59.3      13501      100000       2        82074   
   59.4      13613      100000       2        81949   
   59.5      13522      100000       2        81880   
   59.6      13644      100000       2        81741   
   59.7      13641      100000       2        81746   
   59.8      13697      100000       2        81687   
   59.9      13754      100000       3        81575   
   60.0      13788      100000       2        81662   
   60.1      13719      100000       2        81663   
   60.2      13669      100000       2        81724   
   60.3      13626      100000       2        81737   
   60.4      13744      100000       2        81613   
   60.5      13767      100000       3        81686   
   60.6      13729      100000       2        81510   
   60.7      13754      100000       3        81680   
   60.8      13739      100000       2        81485   
   60.9      13858      100000       2        81405   
   61.0      13941      100000       2        81272   
   61.1      13839      100000       2        81463   
   61.2      13949      100000       2        81438   
   61.3      13780      100000       2        81604   
   61.4      13805      100000       2        81646   
   61.5      13758      100000       2        81673   
   61.6      13677      100000       2        81644   
   61.7      13874      100000       2        81310   
   61.8      13909      100000       3        81369   
   61.9      14066      100000       2        81183   
   62.0      14001      100000       2        81143   
   62.1      13958      100000       3        81283   
   62.2      14056      100000       2        81095   
   62.3      14101      100000       2        81062   
   62.4      14031      100000       2        80952   
   62.5      14076      100000       2        80910   
   62.6      13959      100000       2        81090   
   62.7      14002      100000       2        81169   
   62.8      13964      100000       2        81282   
   62.9      13767      100000       2        81594   
   63.0      13772      100000       2        81711   
   63.1      13627      100000       2        81943   
   63.2      13503      100000       2        81937   
   63.3      13545      100000       2        81916   
   63.4      13723      100000       2        81693   
   63.5      13832      100000       2        81615   
   63.6      13911      100000       2        81368   
   63.7      13748      100000       2        81411   
   63.8      13909      100000       2        81275   
   63.9      13875      100000       2        81523   
   64.0      13821      100000       2        81569   
   64.1      13747      100000       2        81605   
   64.2      14015      100000       3        81355   
   64.3      14086      100000       2        81148   
   64.4      14099      100000       3        80945   
   64.5      14069      100000       2        80719   
   64.6      14425      100000       2        80413   
   64.7      14390      100000       2        80275   
   64.8      14465      100000       3        80282   
   64.9      14305      100000       1        80547   
   65.0      14301      100000       1        80691   
   65.1      14235      100000       1        80955   
   65.2      13940      100000       1        81220   
   65.3      13849      100000       1        81553   
   65.4      13607      100000       1        81903   
   65.5      13580      100000       1        82171   
   65.6      13480      100000       2        82188   
   65.7      13442      100000       1        82241   
   65.8      13260      100000       1        82372   
   65.9      13342      100000       1        82324   
   66.0      13239      100000       1        82401   
   66.1      13319      100000       1        82463   
   66.2      13369      100000       1        82431   
   66.3      13408      100000       1        82470   
   66.4      13355      100000       1        82509   
   66.5      13371      100000       1        82496   
   66.6      13254      100000       1        82700   
   66.7      13158      100000       1        82682   
   66.8      13210      100000       1        82756   
   66.9      13220      100000       1        82835   
   67.0      13058      100000       1        82879   
   67.1      13128      100000       1        82853   
   67.2      13159      100000       1        82738   
   67.3      13166      100000       1        82723   
   67.4      12977      100000       1        82851   
   67.5      12949      100000       1        82948   
   67.6      13133      100000       1        82877   
   67.7      13072      100000       1        82889   
   67.8      13039      100000       1        82824   
   67.9      13195      100000       1        82738   
   68.0      13122      100000       1        82763   
   68.1      13147      100000       1        82638   
   68.2      13186      100000       1        82618   
   68.3      13346      100000       1        82456   
   68.4      13293      100000       1        82531   
   68.5      13205      100000       1        82437   
   68.6      13455      100000       1        82282   
   68.7      13416      100000       1        82314   
   68.8      13444      100000       1        82360   
   68.9      13374      100000       1        82383   
   69.0      13399      100000       1        82482   
   69.1      13229      100000       1        82493   
   69.2      13315      100000       1        82332   
   69.3      13531      100000       1        82298   
   69.4      13263      100000       1        82545   
   69.5      13122      100000       1        82721   
   69.6      13191      100000       1        82713   
   69.7      13117      100000       1        82717   
   69.8      13104      100000       1        82647   
   69.9      13296      100000       2        82614   
   70.0      13344      100000       1        82410   
   70.1      13302      100000       1        82488   
   70.2      13347      100000       1        82423   
   70.3      13248      100000       1        82585   
   70.4      13213      100000       1        82688   
   70.5      13110      100000       1        82654   
   70.6      13290      100000       1        82688   
   70.7      13176      100000       1        82735   
   70.8      13245      100000       1        82632   
   70.9      13160      100000       1        82702   
   71.0      13228      100000       1        82597   
   71.1      13260      100000       1        82504   
   71.2      13250      100000       1        82509   
   71.3      13232      100000       1        82407   
   71.4      13339      100000       1        82463   
   71.5      13324      100000       1        82671   
   71.6      13191      100000       1        82597   
   71.7      13155      100000       1        82613   
   71.8      13291      100000       1        82669   
   71.9      13078      100000       1        82707   
   72.0      13111      100000       1        82855   
   72.1      13122      100000       1        82902   
   72.2      13118      100000       1        82778   
   72.3      13242      100000       1        82801   
   72.4      13127      100000       1        82783   
   72.5      13217      100000       1        82720   
   72.6      13180      100000       1        82770   
   72.7      13190      100000       1        82718   
   72.8      13168      100000       1        82638   
   72.9      13175      100000       1        82724   
   73.0      13210      100000       1        82743   
   73.1      13023      100000       1        82790   
   73.2      13055      100000       1        82880   
   73.3      13123      100000       1        82893   
   73.4      13145      100000       1        82861   
   73.5      13183      100000       1        82659   
   73.6      13273      100000       1        82604   
   73.7      13118      100000       1        82725   
   73.8      13168      100000       2        82958   
   73.9      13218      100000       1        82948   
   74.0      13020      100000       1        82851   
   74.1      13105      100000       1        82656   
   74.2      13257      100000       1        82346   
   74.3      13504      100000       1        82294   
   74.4      13408      100000       1        82272   
   74.5      13329      100000       1        82422   
   74.6      13315      100000       1        82507   
   74.7      13264      100000       1        82471   
   74.8      13282      100000       1        82457   
   74.9      13347      100000       2        82366   
   75.0      13336      100000       2        82574   
   75.1      13335      100000       1        82550   
   75.2      13211      100000       1        82463   
   75.3      13380      100000       1        82422   
   75.4      13322      100000       1        82357   
   75.5      13409      100000       1        82320   
   75.6      13515      100000       2        82201   
   75.7      13513      100000       1        82229   
   75.8      13401      100000       1        82301   
   75.9      13368      100000       1        82345   
   76.0      13407      100000       1        82312   
   76.1      13416      100000       1        82392   
   76.2      13166      100000       1        82542   
   76.3      13140      100000       1        82594   
   76.4      13221      100000       1        82625   
   76.5      13249      100000       1        82493   
   76.6      13148      100000       1        82593   
   76.7      13245      100000       1        82684   
   76.8      13080      100000       1        82797   
   76.9      13032      100000       1        82869   
   77.0      13018      100000       1        82876   
   77.1      13128      100000       1        82823   
   77.2      13170      100000       1        82719   
   77.3      13155      100000       1        82689   
   77.4      13229      100000       1        82739   
   77.5      13130      100000       1        82727   
   77.6      13143      100000       1        82700   
   77.7      13241      100000       1        82539   
   77.8      13362      100000       2        82427   
   77.9      13281      100000       2        82574   
   78.0      13246      100000       1        82546   
   78.1      13347      100000       1        82558   
   78.2      13219      100000       1        82712   
   78.3      13105      100000       2        82846   
   78.4      13097      100000       1        82895   
   78.5      13021      100000       1        82940   
   78.6      13185      100000       1        82712   
   78.7      13112      100000       1        82791   
   78.8      13130      100000       1        82697   
   78.9      13143      100000       2        82913   
   79.0      13176      100000       1        82795   
   79.1      13100      100000       1        82866   
   79.2      13108      100000       1        82873   
   79.3      13125      100000       1        82926   
   79.4      13059      100000       1        83158   
   79.5      12832      100000       1        83226   
   79.6      12930      100000       1        83307   
   79.7      12779      100000       1        83341   
   79.8      12805      100000       1        83233   
   79.9      12981      100000       1        83036   
   80.0      13117      100000       1        82865   
   80.1      13072      100000       2        82715   
   80.2      13301      100000       1        82536   
   80.3      13216      100000       1        82512   
   80.4      13261      100000       1        82419   
   80.5      13457      100000       1        82360   
   80.6      13425      100000       1        82227   
   80.7      13407      100000       1        82187   
   80.8      13475      100000       2        82278   
   80.9      13404      100000       1        82381   
   81.0      13334      100000       1        82389   
   81.1      13440      100000       1        82254   
   81.2      13513      100000       1        82165   
   81.3      13669      100000       2        82040   
   81.4      13541      100000       1        82020   
   81.5      13598      100000       1        82185   
   81.6      13423      100000       1        82291   
   81.7      13418      100000       2        82278   
   81.8      13346      100000       1        82416   
   81.9      13212      100000       1        82475   
   82.0      13217      100000       1        82631   
   82.1      13094      100000       1        82762   
   82.2      13266      100000       1        82716   
   82.3      13096      100000       1        82821   
   82.4      13116      100000       1        82844   
   82.5      12971      100000       1        82948   
   82.6      12926      100000       1        83090   
   82.7      12948      100000       1        82984   
   82.8      12993      100000       1        83052   
   82.9      13059      100000       1        83003   
   83.0      13169      100000       1        83013   
   83.1      12917      100000       1        82903   
   83.2      13193      100000       1        82696   
   83.3      13226      100000       1        82601   
   83.4      13180      100000       1        82750   
   83.5      13088      100000       1        82950   
   83.6      12911      100000       1        82988   
   83.7      13094      100000       1        83041   
   83.8      12816      100000       1        83219   
   83.9      12889      100000       1        83263   
   84.0      12887      100000       1        83253   
   84.1      12916      100000       1        83256   
   84.2      12903      100000       1        83203   
   84.3      12885      100000       2        83132   
   84.4      13037      100000       1        83042   
   84.5      13127      100000       1        83010   
   84.6      12950      100000       1        83056   
   84.7      12983      100000       1        82963   
   84.8      13126      100000       1        82971   
   84.9      12835      100000       1        82991   
   85.0      13184      100000       1        82694   
   85.1      13226      100000       1        82736   
   85.2      13277      100000       1        82751   
   85.3      13225      100000       1        82712   
   85.4      13257      100000       1        82626   
   85.5      13294      100000       1        82560   
   85.6      13178      100000       1        82648   
   85.7      13333      100000       1        82585   
   85.8      13263      100000       1        82471   
   85.9      13516      100000       1        82244   
   86.0      13456      100000       2        82346   
   86.1      13387      100000       1        82421   
   86.2      13062      100000       1        82670   
   86.3      13212      100000       1        82721   
   86.4      13208      100000       1        82724   
   86.5      13145      100000       1        82768   
   86.6      13017      100000       1        82914   
   86.7      12986      100000       1        83102   
   86.8      12856      100000       1        83210   
   86.9      12946      100000       1        83108   
   87.0      13029      100000       2        82982   
   87.1      13102      100000       2        82869   
   87.2      13075      100000       1        82644   
   87.3      13391      100000       1        82570   
   87.4      13162      100000       1        82593   
   87.5      13281      100000       1        82703   
   87.6      13151      100000       1        82745   
   87.7      13067      100000       1        82932   
   87.8      13248      100000       1        82738   
   87.9      13235      100000       1        82650   
   88.0      13121      100000       1        82804   
   88.1      13138      100000       1        82773   
   88.2      13328      100000       1        82688   
   88.3      13267      100000       1        82534   
   88.4      13155      100000       1        82659   
   88.5      13230      100000       1        82444   
   88.6      13411      100000       1        82474   
   88.7      13266      100000       1        82517   
   88.8      13387      100000       1        82337   
   88.9      13285      100000       1        82378   
   89.0      13526      100000       1        82302   
   89.1      13493      100000       1        82195   
   89.2      13409      100000       1        82363   
   89.3      13283      100000       1        82458   
   89.4      13324      100000       1        82464   
   89.5      13311      100000       1        82426   
   89.6      13324      100000       1        82519   
   89.7      13184      100000       1        82718   
   89.8      13147      100000       1        82707   
   89.9      13191      100000       1        82688   
   90.0      13281      100000       1        82597   
   90.1      13326      100000       1        82329   
   90.2      13461      100000       2        82168   
   90.3      13565      100000       1        81855   
   90.4      13730      100000       1        81723   
   90.5      13736      100000       1        81698   
   90.6      13715      100000       1        81778   
   90.7      13617      100000       1        81977   
   90.8      13616      100000       1        81925   
   90.9      13559      100000       1        82039   
   91.0      13627      100000       1        82036   
   91.1      13460      100000       1        82245   
   91.2      13437      100000       1        82315   
   91.3      13391      100000       1        82221   
   91.4      13557      100000       1        82174   
   91.5      13503      100000       1        82157   
   91.6      13374      100000       1        82263   
   91.7      13313      100000       1        82410   
   91.8      13269      100000       1        82585   
   91.9      13095      100000       1        82797   
   92.0      13138      100000       1        82771   
   92.1      13060      100000       1        82866   
   92.2      12969      100000       1        83002   
   92.3      13089      100000       1        82923   
   92.4      13094      100000       1        82984   
   92.5      13038      100000       2        83060   
   92.6      12953      100000       1        83049   
   92.7      12994      100000       1        83062   
   92.8      13001      100000       1        83093   
   92.9      13038      100000       1        82840   
   93.0      13134      100000       1        82758   
   93.1      13277      100000       1        82565   
   93.2      13275      100000       1        82638   
   93.3      13335      100000       1        82593   
   93.4      13256      100000       1        82687   
   93.5      13202      100000       1        82802   
   93.6      13198      100000       1        82947   
   93.7      13062      100000       1        83035   
   93.8      13053      100000       1        83000   
   93.9      13073      100000       1        82991   
   94.0      13016      100000       1        83118   
   94.1      12972      100000       1        83235   
   94.2      12712      100000       1        83353   
   94.3      12837      100000       1        83352   
   94.4      12863      100000       1        83263   
   94.5      12893      100000       1        83213   
   94.6      12838      100000       1        83180   
   94.7      13087      100000       1        83047   
   94.8      13004      100000       1        82818   
   94.9      13013      100000       1        82935   
   95.0      13029      100000       1        82923   
   95.1      12958      100000       1        82974   
   95.2      13088      100000       1        82991   
   95.3      13191      100000       1        82875   
   95.4      13099      100000       1        82911   
   95.5      13137      100000       1        82934   
   95.6      13135      100000       1        82934   
   95.7      13090      100000       1        82920   
   95.8      13037      100000       1        82997   
   95.9      13066      100000       1        82921   
   96.0      13047      100000       1        82855   
   96.1      13098      100000       1        82763   
   96.2      13074      100000       1        82889   
   96.3      13081      100000       1        82975   
   96.4      12953      100000       1        83201   
   96.5      13025      100000       1        83020   
   96.6      13011      100000       1        83024   
   96.7      13019      100000       1        83072   
   96.8      13050      100000       1        82884   
   96.9      13080      100000       1        82930   
   97.0      13097      100000       1        82877   
   97.1      13110      100000       1        82712   
   97.2      13211      100000       1        82751   
   97.3      13128      100000       1        82909   
   97.4      12840      100000       1        83211   
   97.5      12822      100000       1        83372   
   97.6      12763      100000       1        83288   
   97.7      12718      100000       2        83202   
   97.8      12947      100000       1        83238   
   97.9      12992      100000       1        83141   
   98.0      13110      100000       1        82947   
   98.1      13003      100000       1        83140   
   98.2      12908      100000       1        83183   
   98.3      12894      100000       1        83190   
   98.4      13051      100000       1        83049   
   98.5      12980      100000       1        83028   
   98.6      13038      100000       2        83000   
   98.7      12997      100000       1        82971   
   98.8      13027      100000       1        83041   
   98.9      12996      100000       1        82951   
   99.0      13113      100000       1        82990   
   99.1      13327      100000       1        82696   
   99.2      13288      100000       1        82489   
   99.3      13277      100000       1        82498   
   99.4      13250      100000       1        82635   
   99.5      13152      100000       1        82569   
   99.6      13349      100000       1        82399   
   99.7      13285      100000       1        82506   
   99.8      13131      100000       1        82615   
   99.9      13310      100000       1        82487   
