 Timestep   N_clusts  all_parts  thr_clusts thr_parts  thr_c1000  thr_p1000 
   0.0       93103      100000       0          0          0          0     
   0.1       27259      100000      853       37502        0          0     
   0.2       27056      100000      844       38204        0          0     
   0.3       27438      100000      835       37784        0          0     
   0.4       27298      100000      754       35867        0          0     
   0.5       27194      100000      844       36890        0          0     
   0.6       27495      100000      837       36436        0          0     
   0.7       27206      100000      817       36909        0          0     
   0.8       27170      100000      850       37843        0          0     
   0.9       27277      100000      833       36658        0          0     
   1.0       27457      100000      841       37646        0          0     
   1.1       27111      100000      832       37294        0          0     
   1.2       27325      100000      800       36745        0          0     
   1.3       27243      100000      803       37656        0          0     
   1.4       27089      100000      821       37037        0          0     
   1.5       27401      100000      800       35964        0          0     
   1.6       26980      100000      792       37118        0          0     
   1.7       27018      100000      825       37606        0          0     
   1.8       27166      100000      786       37048        0          0     
   1.9       27139      100000      788       37282        0          0     
   2.0       27242      100000      787       37319        0          0     
   2.1       27120      100000      793       37624        0          0     
   2.2       27244      100000      772       36428        0          0     
   2.3       27479      100000      846       36842        0          0     
   2.4       27407      100000      819       36735        0          0     
   2.5       27174      100000      842       37359        0          0     
   2.6       27357      100000      808       37550        0          0     
   2.7       27463      100000      859       37205        0          0     
   2.8       27159      100000      787       37577        0          0     
   2.9       27295      100000      817       36845        0          0     
   3.0       27189      100000      802       37824        0          0     
   3.1       27279      100000      823       38110        0          0     
   3.2       27011      100000      806       37258        0          0     
   3.3       27334      100000      801       37008        0          0     
   3.4       27142      100000      832       37861        0          0     
   3.5       27087      100000      803       36910        0          0     
   3.6       27179      100000      816       37313        0          0     
   3.7       27258      100000      803       36674        0          0     
   3.8       27418      100000      823       36194        0          0     
   3.9       27087      100000      837       37120        0          0     
   4.0       27576      100000      807       36011        0          0     
   4.1       27269      100000      790       37090        0          0     
   4.2       27100      100000      831       37850        0          0     
   4.3       27093      100000      813       37755        0          0     
   4.4       27107      100000      801       37843        0          0     
   4.5       27418      100000      824       36965        0          0     
   4.6       27456      100000      780       36312        0          0     
   4.7       27349      100000      816       37374        0          0     
   4.8       27186      100000      794       37500        0          0     
   4.9       26949      100000      841       37854        0          0     
   5.0       27440      100000      812       36522        0          0     
   5.1       27417      100000      800       35926        0          0     
   5.2       27180      100000      868       37688        0          0     
   5.3       27311      100000      818       36867        0          0     
   5.4       27365      100000      829       37266        0          0     
   5.5       27371      100000      798       37043        0          0     
   5.6       27388      100000      854       38052        0          0     
   5.7       27120      100000      816       37167        0          0     
   5.8       27331      100000      789       36753        0          0     
   5.9       26941      100000      877       38410        0          0     
   6.0       27162      100000      834       37358        0          0     
   6.1       27372      100000      834       37151        0          0     
   6.2       27054      100000      808       37472        0          0     
   6.3       27065      100000      823       38116        0          0     
   6.4       27098      100000      809       36907        0          0     
   6.5       27298      100000      829       37759        0          0     
   6.6       27115      100000      790       37741        0          0     
   6.7       27313      100000      799       36805        0          0     
   6.8       27218      100000      802       37418        0          0     
   6.9       27187      100000      823       37660        0          0     
   7.0       27238      100000      814       37416        0          0     
   7.1       27441      100000      793       36422        0          0     
   7.2       26840      100000      837       37936        0          0     
   7.3       27224      100000      793       36803        0          0     
   7.4       27133      100000      853       37438        0          0     
   7.5       27539      100000      821       36606        0          0     
   7.6       27173      100000      832       37644        0          0     
   7.7       27065      100000      830       37472        0          0     
   7.8       27204      100000      810       37618        0          0     
   7.9       27181      100000      829       37947        0          0     
   8.0       27295      100000      806       37482        0          0     
   8.1       27414      100000      814       37680        0          0     
   8.2       27095      100000      807       37432        0          0     
   8.3       27193      100000      821       37557        0          0     
   8.4       27097      100000      847       38021        0          0     
   8.5       27086      100000      820       38081        0          0     
   8.6       27009      100000      842       38392        0          0     
   8.7       27446      100000      819       36872        0          0     
   8.8       27214      100000      842       37354        0          0     
   8.9       27067      100000      801       36947        0          0     
   9.0       27289      100000      811       37449        0          0     
   9.1       26904      100000      820       37429        0          0     
   9.2       27174      100000      800       36716        0          0     
   9.3       26955      100000      818       38162        0          0     
   9.4       27236      100000      839       38165        0          0     
   9.5       27406      100000      837       36483        0          0     
   9.6       27092      100000      787       36785        0          0     
   9.7       27353      100000      827       36496        0          0     
   9.8       27440      100000      834       36771        0          0     
   9.9       27596      100000      829       37041        0          0     
   10.0      27208      100000      804       36744        0          0     
   10.1      27162      100000      819       37554        0          0     
   10.2      27217      100000      826       37398        0          0     
   10.3      27133      100000      795       36821        0          0     
   10.4      27454      100000      808       36935        0          0     
   10.5      27089      100000      815       37586        0          0     
   10.6      27473      100000      819       37224        0          0     
   10.7      27002      100000      815       37183        0          0     
   10.8      27447      100000      848       37194        0          0     
   10.9      26993      100000      854       38114        0          0     
   11.0      27221      100000      849       36970        0          0     
   11.1      26981      100000      831       37706        0          0     
   11.2      27260      100000      828       36820        0          0     
   11.3      27394      100000      797       36717        0          0     
   11.4      27589      100000      812       36037        0          0     
   11.5      27193      100000      827       37493        0          0     
   11.6      27264      100000      807       37577        0          0     
   11.7      27108      100000      796       37205        0          0     
   11.8      27430      100000      831       37312        0          0     
   11.9      27150      100000      830       37996        0          0     
   12.0      27342      100000      805       36411        0          0     
   12.1      27248      100000      804       36515        0          0     
   12.2      27178      100000      818       37252        0          0     
   12.3      27328      100000      821       36547        0          0     
   12.4      27395      100000      826       36850        0          0     
   12.5      27206      100000      827       37558        0          0     
   12.6      27022      100000      829       37723        0          0     
   12.7      27056      100000      818       37034        0          0     
   12.8      27180      100000      811       37158        0          0     
   12.9      27117      100000      827       37358        0          0     
   13.0      27325      100000      835       37781        0          0     
   13.1      27022      100000      837       38057        0          0     
   13.2      27140      100000      825       37141        0          0     
   13.3      27202      100000      846       37682        0          0     
   13.4      27537      100000      821       36287        0          0     
   13.5      27057      100000      814       37272        0          0     
   13.6      27424      100000      824       36205        0          0     
   13.7      27285      100000      799       37126        0          0     
   13.8      27127      100000      836       37679        0          0     
   13.9      27401      100000      834       37164        0          0     
   14.0      27107      100000      821       37352        0          0     
   14.1      27308      100000      805       36646        0          0     
   14.2      27220      100000      827       37875        0          0     
   14.3      27328      100000      835       37479        0          0     
   14.4      27267      100000      830       37363        0          0     
   14.5      27080      100000      852       38339        0          0     
   14.6      27225      100000      834       36899        0          0     
   14.7      27463      100000      799       36914        0          0     
   14.8      27217      100000      839       37624        0          0     
   14.9      27518      100000      787       36178        0          0     
   15.0      27089      100000      839       37509        0          0     
   15.1      27218      100000      834       37409        0          0     
   15.2      27288      100000      828       36739        0          0     
   15.3      27263      100000      803       36858        0          0     
   15.4      27491      100000      807       36340        0          0     
   15.5      27364      100000      811       36648        0          0     
   15.6      27366      100000      837       36397        0          0     
   15.7      27163      100000      801       37621        0          0     
   15.8      27189      100000      808       37427        0          0     
   15.9      27452      100000      810       36482        0          0     
   16.0      27246      100000      805       36847        0          0     
   16.1      27417      100000      852       36135        0          0     
   16.2      27092      100000      821       37242        0          0     
   16.3      27117      100000      846       38218        0          0     
   16.4      27132      100000      825       37012        0          0     
   16.5      27223      100000      812       37205        0          0     
   16.6      27034      100000      812       37790        0          0     
   16.7      27401      100000      825       36663        0          0     
   16.8      27323      100000      812       37202        0          0     
   16.9      27063      100000      801       37089        0          0     
   17.0      27406      100000      792       36491        0          0     
   17.1      27427      100000      813       37294        0          0     
   17.2      27263      100000      837       37726        0          0     
   17.3      26978      100000      815       38043        0          0     
   17.4      27243      100000      815       36808        0          0     
   17.5      27422      100000      795       36878        0          0     
   17.6      27192      100000      817       37025        0          0     
   17.7      27400      100000      840       36288        0          0     
   17.8      27292      100000      818       36626        0          0     
   17.9      27095      100000      835       37599        0          0     
   18.0      27632      100000      793       36023        0          0     
   18.1      27167      100000      826       37082        0          0     
   18.2      27269      100000      834       36639        0          0     
   18.3      27261      100000      762       37192        0          0     
   18.4      27351      100000      813       36864        0          0     
   18.5      27292      100000      798       36757        0          0     
   18.6      27282      100000      806       37861        0          0     
   18.7      27070      100000      805       37715        0          0     
   18.8      27033      100000      788       37359        0          0     
   18.9      27155      100000      817       37699        0          0     
   19.0      26960      100000      837       37950        0          0     
   19.1      27164      100000      848       37985        0          0     
   19.2      27070      100000      818       37625        0          0     
   19.3      27444      100000      795       36930        0          0     
   19.4      27263      100000      805       37347        0          0     
   19.5      27121      100000      840       37797        0          0     
   19.6      27283      100000      828       36884        0          0     
   19.7      27412      100000      808       36400        0          0     
   19.8      26985      100000      858       37950        0          0     
   19.9      27035      100000      810       37602        0          0     
   20.0      27105      100000      828       36924        0          0     
   20.1      27347      100000      839       37082        0          0     
   20.2      26961      100000      803       37474        0          0     
   20.3      27195      100000      830       35898        0          0     
   20.4      27009      100000      841       37197        0          0     
   20.5      27147      100000      808       37218        0          0     
   20.6      27106      100000      836       37686        0          0     
   20.7      27458      100000      795       36913        0          0     
   20.8      27196      100000      826       38085        0          0     
   20.9      27219      100000      834       37293        0          0     
   21.0      27364      100000      825       37141        0          0     
   21.1      27083      100000      815       37922        0          0     
   21.2      27362      100000      805       36696        0          0     
   21.3      26888      100000      835       37699        0          0     
   21.4      27169      100000      803       37235        0          0     
   21.5      26943      100000      808       37900        0          0     
   21.6      27277      100000      804       36336        0          0     
   21.7      27212      100000      820       36832        0          0     
   21.8      27166      100000      807       38097        0          0     
   21.9      27109      100000      767       37225        0          0     
   22.0      27264      100000      804       37167        0          0     
   22.1      27215      100000      840       37427        0          0     
   22.2      27051      100000      809       37554        0          0     
   22.3      27182      100000      815       37569        0          0     
   22.4      27370      100000      853       37187        0          0     
   22.5      27405      100000      815       37173        0          0     
   22.6      27483      100000      809       36408        0          0     
   22.7      27063      100000      794       37074        0          0     
   22.8      27335      100000      812       37188        0          0     
   22.9      27271      100000      813       38227        0          0     
   23.0      27219      100000      792       37111        0          0     
   23.1      27237      100000      847       37760        0          0     
   23.2      27374      100000      833       36944        0          0     
   23.3      27422      100000      824       36857        0          0     
   23.4      27435      100000      813       36168        0          0     
   23.5      26946      100000      825       36867        0          0     
   23.6      27166      100000      816       37502        0          0     
   23.7      27450      100000      826       36285        0          0     
   23.8      27054      100000      836       38229        0          0     
   23.9      27274      100000      833       37580        0          0     
   24.0      27375      100000      788       36192        0          0     
   24.1      27169      100000      833       38050        0          0     
   24.2      27430      100000      817       37349        0          0     
   24.3      27239      100000      817       37098        0          0     
   24.4      27222      100000      798       37267        0          0     
   24.5      27321      100000      821       36525        0          0     
   24.6      27123      100000      815       37119        0          0     
   24.7      27303      100000      828       37896        0          0     
   24.8      27441      100000      830       36943        0          0     
   24.9      27285      100000      818       37323        0          0     
   25.0      27340      100000      790       37175        0          0     
   25.1      27259      100000      784       37401        0          0     
   25.2      27294      100000      805       36764        0          0     
   25.3      27250      100000      823       37337        0          0     
   25.4      27215      100000      816       36723        0          0     
   25.5      27101      100000      856       38876        0          0     
   25.6      27550      100000      812       36411        0          0     
   25.7      27139      100000      814       37472        0          0     
   25.8      27211      100000      818       37242        0          0     
   25.9      26939      100000      804       37357        0          0     
   26.0      27239      100000      833       37358        0          0     
   26.1      27313      100000      810       36827        0          0     
   26.2      27132      100000      811       37706        0          0     
   26.3      27306      100000      811       36929        0          0     
   26.4      27178      100000      809       37359        0          0     
   26.5      27407      100000      820       37073        0          0     
   26.6      27382      100000      802       36574        0          0     
   26.7      27479      100000      831       37124        0          0     
   26.8      27494      100000      806       37411        0          0     
   26.9      27327      100000      818       36565        0          0     
   27.0      27214      100000      831       37010        0          0     
   27.1      27242      100000      793       36783        0          0     
   27.2      27253      100000      827       37186        0          0     
   27.3      27344      100000      815       37131        0          0     
   27.4      27230      100000      817       36968        0          0     
   27.5      27409      100000      806       36701        0          0     
   27.6      27268      100000      834       37828        0          0     
   27.7      27108      100000      801       37300        0          0     
   27.8      27032      100000      818       37662        0          0     
   27.9      27169      100000      810       37046        0          0     
   28.0      27420      100000      819       37019        0          0     
   28.1      27341      100000      814       37562        0          0     
   28.2      27054      100000      821       37092        0          0     
   28.3      27273      100000      831       37700        0          0     
   28.4      27478      100000      807       36587        0          0     
   28.5      27322      100000      820       36907        0          0     
   28.6      27366      100000      813       36425        0          0     
   28.7      27217      100000      819       37296        0          0     
   28.8      27223      100000      807       36960        0          0     
   28.9      27255      100000      778       36375        0          0     
   29.0      26961      100000      829       37376        0          0     
   29.1      27210      100000      854       37777        0          0     
   29.2      27192      100000      825       36913        0          0     
   29.3      27165      100000      795       37172        0          0     
   29.4      27143      100000      820       37777        0          0     
   29.5      27038      100000      834       38114        0          0     
   29.6      27271      100000      822       36774        0          0     
   29.7      27372      100000      820       37118        0          0     
   29.8      27322      100000      827       38057        0          0     
   29.9      27253      100000      815       37396        0          0     
   30.0      27232      100000      827       37468        0          0     
   30.1      27058      100000      835       37359        0          0     
   30.2      27315      100000      821       37195        0          0     
   30.3      27337      100000      808       37092        0          0     
   30.4      27327      100000      819       36944        0          0     
   30.5      27369      100000      822       36614        0          0     
   30.6      27291      100000      793       37083        0          0     
   30.7      27122      100000      818       37032        0          0     
   30.8      27363      100000      800       37366        0          0     
   30.9      27238      100000      813       37159        0          0     
   31.0      27137      100000      818       37360        0          0     
   31.1      27066      100000      839       37776        0          0     
   31.2      27346      100000      827       36905        0          0     
   31.3      27300      100000      821       37714        0          0     
   31.4      27026      100000      835       37654        0          0     
   31.5      26801      100000      828       37877        0          0     
   31.6      27022      100000      859       38010        0          0     
   31.7      27094      100000      794       37196        0          0     
   31.8      27407      100000      819       36855        0          0     
   31.9      27147      100000      800       37502        0          0     
   32.0      27181      100000      804       37523        0          0     
   32.1      27462      100000      812       36596        0          0     
   32.2      27428      100000      828       37818        0          0     
   32.3      27094      100000      816       37214        0          0     
   32.4      27004      100000      820       37349        0          0     
   32.5      27249      100000      843       36989        0          0     
   32.6      27180      100000      816       37177        0          0     
   32.7      27309      100000      813       35895        0          0     
   32.8      27159      100000      843       37537        0          0     
   32.9      27430      100000      798       36497        0          0     
   33.0      27403      100000      792       36358        0          0     
   33.1      27020      100000      825       38003        0          0     
   33.2      27238      100000      820       37438        0          0     
   33.3      27187      100000      819       37594        0          0     
   33.4      27286      100000      822       36739        0          0     
   33.5      27291      100000      789       37389        0          0     
   33.6      27168      100000      785       36951        0          0     
   33.7      27315      100000      810       36828        0          0     
   33.8      27268      100000      828       36440        0          0     
   33.9      27164      100000      832       37520        0          0     
   34.0      27216      100000      806       36624        0          0     
   34.1      27269      100000      814       37380        0          0     
   34.2      27032      100000      807       37783        0          0     
   34.3      27198      100000      824       37531        0          0     
   34.4      27188      100000      831       36964        0          0     
   34.5      27219      100000      811       37337        0          0     
   34.6      27355      100000      835       37229        0          0     
   34.7      27062      100000      803       37136        0          0     
   34.8      27309      100000      831       36729        0          0     
   34.9      27208      100000      801       37500        0          0     
   35.0      27528      100000      783       36316        0          0     
   35.1      27193      100000      800       36526        0          0     
   35.2      27203      100000      822       37417        0          0     
   35.3      27375      100000      804       36512        0          0     
   35.4      27171      100000      846       37383        0          0     
   35.5      27137      100000      822       37582        0          0     
   35.6      27294      100000      846       37461        0          0     
   35.7      27148      100000      804       37592        0          0     
   35.8      27361      100000      784       36689        0          0     
   35.9      27116      100000      821       37424        0          0     
   36.0      27433      100000      827       36281        0          0     
   36.1      27327      100000      820       37708        0          0     
   36.2      27127      100000      830       37926        0          0     
   36.3      27357      100000      795       36415        0          0     
   36.4      27298      100000      830       36945        0          0     
   36.5      27526      100000      773       36327        0          0     
   36.6      27036      100000      847       38271        0          0     
   36.7      27374      100000      815       37004        0          0     
   36.8      27281      100000      803       36764        0          0     
   36.9      27163      100000      837       38199        0          0     
   37.0      27203      100000      816       37334        0          0     
   37.1      26891      100000      847       37603        0          0     
   37.2      27452      100000      783       36180        0          0     
   37.3      27264      100000      813       36966        0          0     
   37.4      27399      100000      815       37289        0          0     
   37.5      27307      100000      822       36954        0          0     
   37.6      27087      100000      850       38053        0          0     
   37.7      27332      100000      805       36794        0          0     
   37.8      27253      100000      805       37836        0          0     
   37.9      27306      100000      780       37419        0          0     
   38.0      27098      100000      810       36737        0          0     
   38.1      27021      100000      818       37983        0          0     
   38.2      27244      100000      864       38456        0          0     
   38.3      27116      100000      824       38075        0          0     
   38.4      27353      100000      806       36960        0          0     
   38.5      27186      100000      837       37064        0          0     
   38.6      27338      100000      821       37675        0          0     
   38.7      27257      100000      806       36858        0          0     
   38.8      27220      100000      838       37440        0          0     
   38.9      27406      100000      837       37034        0          0     
   39.0      27487      100000      800       36761        0          0     
   39.1      27141      100000      805       37229        0          0     
   39.2      27505      100000      813       36266        0          0     
   39.3      27410      100000      789       36910        0          0     
   39.4      27496      100000      803       37015        0          0     
   39.5      27047      100000      802       36942        0          0     
   39.6      27164      100000      801       36859        0          0     
   39.7      27122      100000      833       37995        0          0     
   39.8      27067      100000      848       37618        0          0     
   39.9      26978      100000      823       38650        0          0     
   40.0      27351      100000      808       37260        0          0     
   40.1      27400      100000      824       37390        0          0     
   40.2      27128      100000      816       37768        0          0     
   40.3      27179      100000      808       37718        0          0     
   40.4      27362      100000      803       36974        0          0     
   40.5      27197      100000      808       36976        0          0     
   40.6      27491      100000      796       37251        0          0     
   40.7      27413      100000      790       36359        0          0     
   40.8      27153      100000      828       37275        0          0     
   40.9      27349      100000      830       36533        0          0     
   41.0      27215      100000      793       37059        0          0     
   41.1      27364      100000      854       37631        0          0     
   41.2      27071      100000      823       36870        0          0     
   41.3      26964      100000      835       38602        0          0     
   41.4      27453      100000      816       37001        0          0     
   41.5      27340      100000      800       36614        0          0     
   41.6      27347      100000      813       37031        0          0     
   41.7      27207      100000      821       37599        0          0     
   41.8      27285      100000      808       37157        0          0     
   41.9      27186      100000      809       37109        0          0     
   42.0      27181      100000      827       36684        0          0     
   42.1      27279      100000      834       36769        0          0     
   42.2      27086      100000      812       37579        0          0     
   42.3      26978      100000      822       37830        0          0     
   42.4      27318      100000      831       37780        0          0     
   42.5      26940      100000      826       37275        0          0     
   42.6      27285      100000      810       36711        0          0     
   42.7      27215      100000      823       38436        0          0     
   42.8      27208      100000      812       37150        0          0     
   42.9      26994      100000      818       37908        0          0     
   43.0      27423      100000      834       36854        0          0     
   43.1      27010      100000      803       37140        0          0     
   43.2      27380      100000      827       37366        0          0     
   43.3      27387      100000      827       37003        0          0     
   43.4      27184      100000      832       37742        0          0     
   43.5      27195      100000      798       36929        0          0     
   43.6      26855      100000      814       38515        0          0     
   43.7      27368      100000      799       37215        0          0     
   43.8      27141      100000      819       36590        0          0     
   43.9      27139      100000      826       37618        0          0     
   44.0      27383      100000      802       37193        0          0     
   44.1      27148      100000      837       37923        0          0     
   44.2      27246      100000      819       36828        0          0     
   44.3      27374      100000      805       37481        0          0     
   44.4      27014      100000      831       37189        0          0     
   44.5      27072      100000      837       38037        0          0     
   44.6      27131      100000      812       37441        0          0     
   44.7      27403      100000      804       36749        0          0     
   44.8      27193      100000      835       36746        0          0     
   44.9      27081      100000      830       37609        0          0     
   45.0      27300      100000      818       37446        0          0     
   45.1      27263      100000      823       37269        0          0     
   45.2      27272      100000      822       38293        0          0     
   45.3      27176      100000      803       36079        0          0     
   45.4      27235      100000      836       37650        0          0     
   45.5      27292      100000      807       37266        0          0     
   45.6      27144      100000      866       37591        0          0     
   45.7      26963      100000      798       37457        0          0     
   45.8      27183      100000      778       36018        0          0     
   45.9      27514      100000      814       36359        0          0     
   46.0      27063      100000      814       37288        0          0     
   46.1      27350      100000      819       36846        0          0     
   46.2      27255      100000      820       37679        0          0     
   46.3      27322      100000      813       37002        0          0     
   46.4      27209      100000      828       36908        0          0     
   46.5      27215      100000      782       36936        0          0     
   46.6      27146      100000      824       37563        0          0     
   46.7      27213      100000      818       37622        0          0     
   46.8      27303      100000      794       37529        0          0     
   46.9      27137      100000      800       36722        0          0     
   47.0      27650      100000      800       36795        0          0     
   47.1      27241      100000      817       36790        0          0     
   47.2      27307      100000      830       37371        0          0     
   47.3      27259      100000      820       37536        0          0     
   47.4      27433      100000      817       36938        0          0     
   47.5      27305      100000      839       37045        0          0     
   47.6      27193      100000      851       37826        0          0     
   47.7      27271      100000      854       38873        0          0     
   47.8      27091      100000      835       37577        0          0     
   47.9      27273      100000      808       37086        0          0     
   48.0      27119      100000      804       37127        0          0     
   48.1      27387      100000      810       37077        0          0     
   48.2      27230      100000      818       37151        0          0     
   48.3      27219      100000      826       37274        0          0     
   48.4      27245      100000      841       37416        0          0     
   48.5      27325      100000      849       36358        0          0     
   48.6      27351      100000      819       36785        0          0     
   48.7      27448      100000      827       36984        0          0     
   48.8      27383      100000      801       36928        0          0     
   48.9      27317      100000      797       36436        0          0     
   49.0      27101      100000      805       37251        0          0     
   49.1      27359      100000      813       36746        0          0     
   49.2      27180      100000      813       37230        0          0     
   49.3      27120      100000      798       36734        0          0     
   49.4      27144      100000      818       37427        0          0     
   49.5      27049      100000      808       37562        0          0     
   49.6      27134      100000      822       37282        0          0     
   49.7      27070      100000      834       38052        0          0     
   49.8      27052      100000      788       36913        0          0     
   49.9      27091      100000      847       37963        0          0     
   50.0      27325      100000      807       37122        0          0     
   50.1      27326      100000      801       36150        0          0     
   50.2      27398      100000      817       36891        0          0     
   50.3      27368      100000      805       36326        0          0     
   50.4      27285      100000      792       37329        0          0     
   50.5      27457      100000      824       37229        0          0     
   50.6      27377      100000      834       37707        0          0     
   50.7      27385      100000      805       36782        0          0     
   50.8      27085      100000      779       36634        0          0     
   50.9      27432      100000      792       37015        0          0     
   51.0      27187      100000      833       38223        0          0     
   51.1      27171      100000      837       37621        0          0     
   51.2      27443      100000      800       36523        0          0     
   51.3      27487      100000      839       36873        0          0     
   51.4      27078      100000      836       37877        0          0     
   51.5      26939      100000      792       38282        0          0     
   51.6      27373      100000      797       36769        0          0     
   51.7      27339      100000      823       37132        0          0     
   51.8      26973      100000      794       37712        0          0     
   51.9      27437      100000      847       37663        0          0     
   52.0      26862      100000      824       37471        0          0     
   52.1      27419      100000      793       36655        0          0     
   52.2      27294      100000      809       36662        0          0     
   52.3      27359      100000      802       36468        0          0     
   52.4      27296      100000      833       37109        0          0     
   52.5      27188      100000      809       36819        0          0     
   52.6      27392      100000      816       37288        0          0     
   52.7      26946      100000      823       37919        0          0     
   52.8      27030      100000      835       38140        0          0     
   52.9      27252      100000      828       37281        0          0     
   53.0      27164      100000      839       38146        0          0     
   53.1      27274      100000      833       37120        0          0     
   53.2      27308      100000      853       37720        0          0     
   53.3      27274      100000      840       37082        0          0     
   53.4      27316      100000      814       36751        0          0     
   53.5      27197      100000      800       37074        0          0     
   53.6      27285      100000      832       36676        0          0     
   53.7      27370      100000      816       36581        0          0     
   53.8      27388      100000      774       36792        0          0     
   53.9      27256      100000      838       37271        0          0     
   54.0      27252      100000      810       36724        0          0     
   54.1      27199      100000      815       37083        0          0     
   54.2      27015      100000      800       37264        0          0     
   54.3      27273      100000      821       36983        0          0     
   54.4      27370      100000      797       37402        0          0     
   54.5      27202      100000      809       37096        0          0     
   54.6      27332      100000      791       36199        0          0     
   54.7      27406      100000      829       36639        0          0     
   54.8      27069      100000      802       37089        0          0     
   54.9      27491      100000      830       36656        0          0     
   55.0      27213      100000      833       37839        0          0     
   55.1      27353      100000      852       37782        0          0     
   55.2      27224      100000      830       37515        0          0     
   55.3      27265      100000      844       38465        0          0     
   55.4      27354      100000      817       37576        0          0     
   55.5      27113      100000      811       37150        0          0     
   55.6      27236      100000      820       36827        0          0     
   55.7      27034      100000      824       38207        0          0     
   55.8      26926      100000      821       37129        0          0     
   55.9      27070      100000      840       37775        0          0     
   56.0      27226      100000      827       37210        0          0     
   56.1      27377      100000      809       36747        0          0     
   56.2      27385      100000      808       37059        0          0     
   56.3      27282      100000      802       36855        0          0     
   56.4      27280      100000      816       37987        0          0     
   56.5      27383      100000      803       36673        0          0     
   56.6      27301      100000      834       37629        0          0     
   56.7      27150      100000      847       37834        0          0     
   56.8      27073      100000      806       37313        0          0     
   56.9      27388      100000      786       37116        0          0     
   57.0      27356      100000      855       37870        0          0     
   57.1      27084      100000      807       37266        0          0     
   57.2      27336      100000      833       37332        0          0     
   57.3      27466      100000      837       36477        0          0     
   57.4      27187      100000      834       37202        0          0     
   57.5      26934      100000      809       38067        0          0     
   57.6      27378      100000      771       36000        0          0     
   57.7      27154      100000      823       37636        0          0     
   57.8      27202      100000      825       38079        0          0     
   57.9      27345      100000      857       37375        0          0     
   58.0      27398      100000      821       37343        0          0     
   58.1      27530      100000      820       36896        0          0     
   58.2      27313      100000      823       37350        0          0     
   58.3      27291      100000      795       36890        0          0     
   58.4      27356      100000      805       36645        0          0     
   58.5      27393      100000      816       36678        0          0     
   58.6      27313      100000      813       37404        0          0     
   58.7      27213      100000      805       36860        0          0     
   58.8      27499      100000      797       36828        0          0     
   58.9      27149      100000      819       37449        0          0     
   59.0      27218      100000      815       37115        0          0     
   59.1      27237      100000      801       37581        0          0     
   59.2      27260      100000      823       37185        0          0     
   59.3      27428      100000      803       36438        0          0     
   59.4      27030      100000      831       37338        0          0     
   59.5      27258      100000      802       36822        0          0     
   59.6      27364      100000      817       37092        0          0     
   59.7      27040      100000      830       38040        0          0     
   59.8      27258      100000      796       37108        0          0     
   59.9      27326      100000      842       36498        0          0     
   60.0      27221      100000      801       36844        0          0     
   60.1      27179      100000      831       37689        0          0     
   60.2      27254      100000      849       37059        0          0     
   60.3      27298      100000      842       37679        0          0     
   60.4      27261      100000      808       36688        0          0     
   60.5      27326      100000      830       37570        0          0     
   60.6      27384      100000      798       36660        0          0     
   60.7      27026      100000      851       38113        0          0     
   60.8      27168      100000      825       36820        0          0     
   60.9      27272      100000      816       38040        0          0     
   61.0      27376      100000      815       37699        0          0     
   61.1      26958      100000      850       38711        0          0     
   61.2      27328      100000      821       37012        0          0     
   61.3      27099      100000      826       37640        0          0     
   61.4      27357      100000      803       37024        0          0     
   61.5      27105      100000      822       37666        0          0     
   61.6      27200      100000      838       37890        0          0     
   61.7      27363      100000      831       37026        0          0     
   61.8      27428      100000      803       37036        0          0     
   61.9      27202      100000      799       36948        0          0     
   62.0      27453      100000      824       36885        0          0     
   62.1      27092      100000      822       37572        0          0     
   62.2      27148      100000      823       37248        0          0     
   62.3      27014      100000      852       38150        0          0     
   62.4      27058      100000      826       37789        0          0     
   62.5      27004      100000      813       37235        0          0     
   62.6      27222      100000      827       37849        0          0     
   62.7      27307      100000      810       37052        0          0     
   62.8      27122      100000      791       36767        0          0     
   62.9      27150      100000      809       36486        0          0     
   63.0      27396      100000      802       36361        0          0     
   63.1      27280      100000      806       37535        0          0     
   63.2      27591      100000      846       37210        0          0     
   63.3      27495      100000      796       36267        0          0     
   63.4      27372      100000      831       36614        0          0     
   63.5      27340      100000      772       36300        0          0     
   63.6      26898      100000      805       38240        0          0     
   63.7      27198      100000      826       37220        0          0     
   63.8      27207      100000      816       36881        0          0     
   63.9      27140      100000      825       36594        0          0     
   64.0      27531      100000      809       36660        0          0     
   64.1      27179      100000      815       37187        0          0     
   64.2      27349      100000      805       36584        0          0     
   64.3      27303      100000      814       37551        0          0     
   64.4      27311      100000      814       36502        0          0     
   64.5      27338      100000      819       36833        0          0     
   64.6      27273      100000      810       37302        0          0     
   64.7      27343      100000      795       36576        0          0     
   64.8      27533      100000      807       36416        0          0     
   64.9      27160      100000      837       37907        0          0     
   65.0      27182      100000      827       38311        0          0     
   65.1      27262      100000      816       36848        0          0     
   65.2      27023      100000      838       37488        0          0     
   65.3      27091      100000      825       37455        0          0     
   65.4      26907      100000      808       37626        0          0     
   65.5      26929      100000      851       38852        0          0     
   65.6      27227      100000      838       37401        0          0     
   65.7      27465      100000      820       37095        0          0     
   65.8      27242      100000      811       36957        0          0     
   65.9      27385      100000      800       36561        0          0     
   66.0      27172      100000      828       37394        0          0     
   66.1      27260      100000      833       37228        0          0     
   66.2      27143      100000      844       38048        0          0     
   66.3      27176      100000      842       37330        0          0     
   66.4      27266      100000      819       37088        0          0     
   66.5      27385      100000      843       37913        0          0     
   66.6      27143      100000      853       37581        0          0     
   66.7      27203      100000      796       37223        0          0     
   66.8      27395      100000      814       36352        0          0     
   66.9      27218      100000      814       36949        0          0     
   67.0      27321      100000      824       37157        0          0     
   67.1      27195      100000      820       36921        0          0     
   67.2      27187      100000      825       37996        0          0     
   67.3      27400      100000      837       37430        0          0     
   67.4      27213      100000      826       37291        0          0     
   67.5      27302      100000      858       37614        0          0     
   67.6      27311      100000      827       37195        0          0     
   67.7      27301      100000      796       37452        0          0     
   67.8      27420      100000      791       36658        0          0     
   67.9      27083      100000      822       37829        0          0     
   68.0      27422      100000      816       36932        0          0     
   68.1      26915      100000      849       38416        0          0     
   68.2      27206      100000      838       37664        0          0     
   68.3      27039      100000      830       38429        0          0     
   68.4      27360      100000      842       37124        0          0     
   68.5      27251      100000      836       37911        0          0     
   68.6      27309      100000      798       37356        0          0     
   68.7      27398      100000      840       37105        0          0     
   68.8      27200      100000      841       38239        0          0     
   68.9      27363      100000      807       36787        0          0     
   69.0      27330      100000      830       38011        0          0     
   69.1      27133      100000      784       37299        0          0     
   69.2      27009      100000      827       38075        0          0     
   69.3      27287      100000      840       37214        0          0     
   69.4      27245      100000      834       37567        0          0     
   69.5      27381      100000      805       36504        0          0     
   69.6      27320      100000      795       36961        0          0     
   69.7      27262      100000      816       36672        0          0     
   69.8      27509      100000      803       36403        0          0     
   69.9      26998      100000      814       37639        0          0     
   70.0      27224      100000      832       36962        0          0     
   70.1      27518      100000      787       37648        0          0     
   70.2      27331      100000      826       37481        0          0     
   70.3      27252      100000      801       37309        0          0     
   70.4      27323      100000      837       37046        0          0     
   70.5      27261      100000      808       36861        0          0     
   70.6      27116      100000      840       37766        0          0     
   70.7      26983      100000      793       37265        0          0     
   70.8      27290      100000      819       36927        0          0     
   70.9      27390      100000      808       37254        0          0     
   71.0      27309      100000      809       37021        0          0     
   71.1      27006      100000      856       38755        0          0     
   71.2      27275      100000      806       36098        0          0     
   71.3      27305      100000      823       37411        0          0     
   71.4      27095      100000      808       37020        0          0     
   71.5      27301      100000      797       36219        0          0     
   71.6      27180      100000      808       37212        0          0     
   71.7      27190      100000      818       37531        0          0     
   71.8      27321      100000      843       37431        0          0     
   71.9      27512      100000      806       36658        0          0     
   72.0      27138      100000      833       37494        0          0     
   72.1      27223      100000      779       36674        0          0     
   72.2      27174      100000      843       36832        0          0     
   72.3      27170      100000      806       37209        0          0     
   72.4      27250      100000      804       37154        0          0     
   72.5      27215      100000      797       36791        0          0     
   72.6      27001      100000      819       37341        0          0     
   72.7      27239      100000      816       37959        0          0     
   72.8      27352      100000      792       37041        0          0     
   72.9      27262      100000      842       38102        0          0     
   73.0      27266      100000      818       37184        0          0     
   73.1      27313      100000      853       37299        0          0     
   73.2      27210      100000      792       36519        0          0     
   73.3      27065      100000      808       37657        0          0     
   73.4      27420      100000      826       37441        0          0     
   73.5      27164      100000      798       37167        0          0     
   73.6      27443      100000      824       37123        0          0     
   73.7      27156      100000      879       37573        0          0     
   73.8      27333      100000      795       36663        0          0     
   73.9      27273      100000      807       36583        0          0     
   74.0      27283      100000      801       36973        0          0     
   74.1      27017      100000      844       39092        0          0     
   74.2      27446      100000      790       36779        0          0     
   74.3      27278      100000      827       37688        0          0     
   74.4      27198      100000      818       38101        0          0     
   74.5      27238      100000      842       37838        0          0     
   74.6      27339      100000      801       36653        0          0     
   74.7      27166      100000      811       37482        0          0     
   74.8      27088      100000      836       37351        0          0     
   74.9      27547      100000      807       36643        0          0     
   75.0      27243      100000      841       37440        0          0     
   75.1      27671      100000      822       36404        0          0     
   75.2      27074      100000      835       37905        0          0     
   75.3      27678      100000      815       36637        0          0     
   75.4      27264      100000      807       36942        0          0     
   75.5      27161      100000      824       37300        0          0     
   75.6      27011      100000      849       37381        0          0     
   75.7      27257      100000      807       36331        0          0     
   75.8      27438      100000      804       37075        0          0     
   75.9      27234      100000      808       37738        0          0     
   76.0      27326      100000      830       36556        0          0     
   76.1      26869      100000      798       37418        0          0     
   76.2      27121      100000      807       37621        0          0     
   76.3      27407      100000      808       36467        0          0     
   76.4      26949      100000      839       37327        0          0     
   76.5      27498      100000      807       36628        0          0     
   76.6      27400      100000      798       36306        0          0     
   76.7      27271      100000      830       37600        0          0     
   76.8      27514      100000      824       36913        0          0     
   76.9      26930      100000      851       38261        0          0     
   77.0      27175      100000      835       37468        0          0     
   77.1      27360      100000      799       36702        0          0     
   77.2      27186      100000      824       37996        0          0     
   77.3      27150      100000      795       37277        0          0     
   77.4      27349      100000      802       36968        0          0     
   77.5      27261      100000      802       37202        0          0     
   77.6      27414      100000      827       37404        0          0     
   77.7      27055      100000      831       37419        0          0     
   77.8      27464      100000      840       37133        0          0     
   77.9      27489      100000      810       36280        0          0     
   78.0      27096      100000      830       37332        0          0     
   78.1      27281      100000      782       36558        0          0     
   78.2      27422      100000      789       36826        0          0     
   78.3      27179      100000      806       36706        0          0     
   78.4      27273      100000      824       37540        0          0     
   78.5      27275      100000      807       36734        0          0     
   78.6      27026      100000      791       36804        0          0     
   78.7      27087      100000      829       36729        0          0     
   78.8      27260      100000      814       36480        0          0     
   78.9      27449      100000      799       37056        0          0     
   79.0      27294      100000      835       37719        0          0     
   79.1      27416      100000      779       36527        0          0     
   79.2      27195      100000      813       37350        0          0     
   79.3      27191      100000      844       37891        0          0     
   79.4      27386      100000      784       36777        0          0     
   79.5      27491      100000      802       36883        0          0     
   79.6      27114      100000      817       36998        0          0     
   79.7      27467      100000      817       36126        0          0     
   79.8      27339      100000      830       36875        0          0     
   79.9      27335      100000      820       36652        0          0     
   80.0      27280      100000      817       37139        0          0     
   80.1      27202      100000      792       37127        0          0     
   80.2      27170      100000      812       37273        0          0     
   80.3      27386      100000      815       36832        0          0     
   80.4      27138      100000      866       38321        0          0     
   80.5      26971      100000      813       38124        0          0     
   80.6      27156      100000      810       37654        0          0     
   80.7      27082      100000      825       37609        0          0     
   80.8      27548      100000      821       35856        0          0     
   80.9      27262      100000      803       36716        0          0     
   81.0      26891      100000      834       37514        0          0     
   81.1      27273      100000      832       37178        0          0     
   81.2      27162      100000      820       37433        0          0     
   81.3      27146      100000      825       37175        0          0     
   81.4      27197      100000      816       37392        0          0     
   81.5      27171      100000      786       36955        0          0     
   81.6      26870      100000      849       38563        0          0     
   81.7      27116      100000      829       37236        0          0     
   81.8      27318      100000      803       37087        0          0     
   81.9      27175      100000      809       36804        0          0     
   82.0      27433      100000      827       36445        0          0     
   82.1      27502      100000      806       36646        0          0     
   82.2      27283      100000      787       36925        0          0     
   82.3      27287      100000      818       37412        0          0     
   82.4      27143      100000      818       36479        0          0     
   82.5      27304      100000      822       37009        0          0     
   82.6      27345      100000      830       37055        0          0     
   82.7      27184      100000      823       37513        0          0     
   82.8      27397      100000      801       36882        0          0     
   82.9      27305      100000      792       36662        0          0     
   83.0      27426      100000      841       37340        0          0     
   83.1      27185      100000      821       36395        0          0     
   83.2      27347      100000      812       37395        0          0     
   83.3      27375      100000      825       37330        0          0     
   83.4      27306      100000      829       37608        0          0     
   83.5      27253      100000      820       37417        0          0     
   83.6      27280      100000      811       37693        0          0     
   83.7      27241      100000      787       36700        0          0     
   83.8      27192      100000      822       37455        0          0     
   83.9      27554      100000      814       37507        0          0     
   84.0      27265      100000      818       36916        0          0     
   84.1      27246      100000      821       36892        0          0     
   84.2      27339      100000      805       37297        0          0     
   84.3      26903      100000      841       38539        0          0     
   84.4      26977      100000      838       38082        0          0     
   84.5      26966      100000      817       37075        0          0     
   84.6      27518      100000      788       36749        0          0     
   84.7      27359      100000      816       36972        0          0     
   84.8      27026      100000      828       37293        0          0     
   84.9      27372      100000      849       37108        0          0     
   85.0      27130      100000      820       37587        0          0     
   85.1      27161      100000      841       37820        0          0     
   85.2      27024      100000      843       38374        0          0     
   85.3      27217      100000      800       37389        0          0     
   85.4      27429      100000      827       37795        0          0     
   85.5      27494      100000      791       36097        0          0     
   85.6      27310      100000      798       37127        0          0     
   85.7      27372      100000      786       37052        0          0     
   85.8      27392      100000      811       36962        0          0     
   85.9      27179      100000      828       36638        0          0     
   86.0      27388      100000      794       36417        0          0     
   86.1      27285      100000      806       37346        0          0     
   86.2      27321      100000      815       36853        0          0     
   86.3      27238      100000      827       37813        0          0     
   86.4      26904      100000      825       37585        0          0     
   86.5      27274      100000      792       37521        0          0     
   86.6      27064      100000      830       37436        0          0     
   86.7      27251      100000      811       36851        0          0     
   86.8      27533      100000      809       36892        0          0     
   86.9      27289      100000      843       37463        0          0     
   87.0      27426      100000      794       36459        0          0     
   87.1      26956      100000      815       37685        0          0     
   87.2      27386      100000      791       36767        0          0     
   87.3      27321      100000      794       36418        0          0     
   87.4      27121      100000      818       37408        0          0     
   87.5      27082      100000      831       37160        0          0     
   87.6      27246      100000      837       36667        0          0     
   87.7      27426      100000      804       36552        0          0     
   87.8      27340      100000      813       37125        0          0     
   87.9      27217      100000      792       36358        0          0     
   88.0      27089      100000      830       37175        0          0     
   88.1      27467      100000      811       36997        0          0     
   88.2      27114      100000      838       37989        0          0     
   88.3      27488      100000      813       36544        0          0     
   88.4      27181      100000      777       37251        0          0     
   88.5      27116      100000      816       37560        0          0     
   88.6      27361      100000      855       37181        0          0     
   88.7      27259      100000      850       37705        0          0     
   88.8      27469      100000      832       36753        0          0     
   88.9      27204      100000      841       37837        0          0     
   89.0      27169      100000      817       37152        0          0     
   89.1      27038      100000      808       36626        0          0     
   89.2      27150      100000      811       37299        0          0     
   89.3      27153      100000      812       37474        0          0     
   89.4      27252      100000      840       37468        0          0     
   89.5      27123      100000      818       38081        0          0     
   89.6      26919      100000      838       37892        0          0     
   89.7      27198      100000      790       35801        0          0     
   89.8      27438      100000      799       36832        0          0     
   89.9      27366      100000      824       37561        0          0     
   90.0      27323      100000      805       37812        0          0     
   90.1      27247      100000      816       36805        0          0     
   90.2      27219      100000      793       37505        0          0     
   90.3      27238      100000      812       36696        0          0     
   90.4      27200      100000      821       37127        0          0     
   90.5      27172      100000      790       37177        0          0     
   90.6      26952      100000      800       38297        0          0     
   90.7      27345      100000      847       37230        0          0     
   90.8      27365      100000      815       37159        0          0     
   90.9      27485      100000      844       37180        0          0     
   91.0      27294      100000      820       37044        0          0     
   91.1      27204      100000      785       37071        0          0     
   91.2      27070      100000      841       37628        0          0     
   91.3      27370      100000      849       37257        0          0     
   91.4      27192      100000      827       37089        0          0     
   91.5      27103      100000      802       36049        0          0     
   91.6      27272      100000      860       37571        0          0     
   91.7      27407      100000      820       37468        0          0     
   91.8      27443      100000      783       35675        0          0     
   91.9      27105      100000      827       37513        0          0     
   92.0      27235      100000      827       38007        0          0     
   92.1      27316      100000      812       36990        0          0     
   92.2      27086      100000      811       37306        0          0     
   92.3      26957      100000      817       38271        0          0     
   92.4      27296      100000      810       37219        0          0     
   92.5      27258      100000      808       36903        0          0     
   92.6      27405      100000      817       36772        0          0     
   92.7      27468      100000      792       37106        0          0     
   92.8      27270      100000      821       37330        0          0     
   92.9      27216      100000      801       37304        0          0     
   93.0      27225      100000      828       36583        0          0     
   93.1      27108      100000      815       36375        0          0     
   93.2      27076      100000      835       38048        0          0     
   93.3      27253      100000      794       36298        0          0     
   93.4      26857      100000      821       37909        0          0     
   93.5      27151      100000      843       36888        0          0     
   93.6      26975      100000      817       37514        0          0     
   93.7      27285      100000      767       37197        0          0     
   93.8      27149      100000      820       37484        0          0     
   93.9      27325      100000      841       37684        0          0     
   94.0      27372      100000      804       37267        0          0     
   94.1      27247      100000      833       37580        0          0     
   94.2      27247      100000      818       37412        0          0     
   94.3      27083      100000      812       36603        0          0     
   94.4      27211      100000      784       37025        0          0     
   94.5      27327      100000      826       37300        0          0     
   94.6      27159      100000      786       37233        0          0     
   94.7      27329      100000      793       37756        0          0     
   94.8      27241      100000      782       37101        0          0     
   94.9      27164      100000      812       36571        0          0     
   95.0      26979      100000      795       37379        0          0     
   95.1      27443      100000      782       35958        0          0     
   95.2      27388      100000      836       37796        0          0     
   95.3      27277      100000      789       36851        0          0     
   95.4      27244      100000      821       37449        0          0     
   95.5      27431      100000      790       36405        0          0     
   95.6      27296      100000      824       36671        0          0     
   95.7      27524      100000      821       36798        0          0     
   95.8      27089      100000      827       37329        0          0     
   95.9      27369      100000      811       36903        0          0     
   96.0      27238      100000      854       37534        0          0     
   96.1      27275      100000      848       37622        0          0     
   96.2      27404      100000      802       36119        0          0     
   96.3      27420      100000      802       36410        0          0     
   96.4      27074      100000      818       37725        0          0     
   96.5      27027      100000      838       37277        0          0     
   96.6      27155      100000      817       36370        0          0     
   96.7      27208      100000      829       37943        0          0     
   96.8      27163      100000      833       37892        0          0     
   96.9      27151      100000      821       37899        0          0     
   97.0      27077      100000      835       38017        0          0     
   97.1      26969      100000      838       37521        0          0     
   97.2      27166      100000      813       37554        0          0     
   97.3      27242      100000      826       37696        0          0     
   97.4      27099      100000      825       38087        0          0     
   97.5      27184      100000      803       37109        0          0     
   97.6      27262      100000      827       38073        0          0     
   97.7      27208      100000      803       37324        0          0     
   97.8      27365      100000      819       37612        0          0     
   97.9      27276      100000      791       36630        0          0     
   98.0      27051      100000      806       37307        0          0     
   98.1      27115      100000      827       37870        0          0     
   98.2      27131      100000      859       37927        0          0     
   98.3      27303      100000      811       36478        0          0     
   98.4      27602      100000      788       36392        0          0     
   98.5      27250      100000      759       36918        0          0     
   98.6      27401      100000      829       37507        0          0     
   98.7      27196      100000      805       36947        0          0     
   98.8      27379      100000      831       36258        0          0     
   98.9      27189      100000      784       36872        0          0     
   99.0      27150      100000      827       38185        0          0     
   99.1      27223      100000      784       36452        0          0     
   99.2      27247      100000      787       36166        0          0     
   99.3      27110      100000      790       37410        0          0     
   99.4      27269      100000      801       36665        0          0     
   99.5      27351      100000      806       36841        0          0     
   99.6      27387      100000      828       37329        0          0     
   99.7      27255      100000      791       37078        0          0     
   99.8      27163      100000      818       37330        0          0     
   99.9      27441      100000      825       37195        0          0     
