 Timestep   N_clusts  all_parts  thr_clusts thr_parts  thr_c1000  thr_p1000 
   0.0       87752      100000       0          0          0          0     
   0.1       16602      100000      688       64055        0          0     
   0.2       16902      100000      643       63282        0          0     
   0.3       16685      100000      675       63650        1         1935   
   0.4       16615      100000      646       64098        3         3875   
   0.5       16717      100000      687       64632        5         7144   
   0.6       17031      100000      659       63591        4         5076   
   0.7       17082      100000      620       63557        7         9881   
   0.8       17121      100000      654       62881        5         8058   
   0.9       17083      100000      641       62549        6        10468   
   1.0       17211      100000      628       62618        6        10699   
   1.1       17475      100000      627       61768        6        12162   
   1.2       17649      100000      642       61158        5        12652   
   1.3       18118      100000      616       60374        4        13282   
   1.4       18291      100000      587       59790        5        17125   
   1.5       18695      100000      547       58665        5        19756   
   1.6       18957      100000      541       57827        6        24412   
   1.7       19440      100000      537       57651        6        26777   
   1.8       19525      100000      500       57397        5        30671   
   1.9       20004      100000      441       57180        5        33716   
   2.0       20378      100000      386       56116        4        37894   
   2.1       20720      100000      313       55380        4        41601   
   2.2       20727      100000      274       56661        4        45554   
   2.3       20667      100000      218       57321        4        49352   
   2.4       20848      100000      157       58408        4        53058   
   2.5       20715      100000      117       60281        4        56472   
   2.6       20251      100000       76       61985        4        59795   
   2.7       19890      100000       38       63963        4        62961   
   2.8       19207      100000       26       66619        4        66027   
   2.9       18377      100000       14       69063        3        68794   
   3.0       17915      100000       12       71694        3        71466   
   3.1       17092      100000       6        73965        3        73889   
   3.2       16494      100000       4        75927        3        75905   
   3.3       15546      100000       4        77725        3        77695   
   3.4       14869      100000       4        79164        3        79138   
   3.5       14075      100000       3        80985        3        80985   
   3.6       13271      100000       3        82304        3        82304   
   3.7       12686      100000       3        83482        3        83482   
   3.8       12226      100000       3        84194        3        84194   
   3.9       11928      100000       3        84899        3        84899   
   4.0       11711      100000       3        85163        3        85163   
   4.1       11615      100000       3        85242        3        85242   
   4.2       11582      100000       3        85173        3        85173   
   4.3       11774      100000       3        84728        3        84728   
   4.4       12116      100000       3        84526        3        84526   
   4.5       12020      100000       3        84593        3        84593   
   4.6       12111      100000       3        84427        3        84427   
   4.7       12053      100000       3        84262        3        84262   
   4.8       12385      100000       4        83978        3        83957   
   4.9       12472      100000       3        83677        3        83677   
   5.0       12279      100000       3        84097        3        84097   
   5.1       12240      100000       3        84306        3        84306   
   5.2       12368      100000       3        83952        3        83952   
   5.3       12498      100000       3        83927        3        83927   
   5.4       12494      100000       3        83784        3        83784   
   5.5       12580      100000       3        83562        3        83562   
   5.6       12813      100000       3        83276        3        83276   
   5.7       12625      100000       3        83431        3        83431   
   5.8       12904      100000       3        83104        3        83104   
   5.9       12962      100000       3        82868        3        82868   
   6.0       13089      100000       3        82757        3        82757   
   6.1       13211      100000       3        82552        3        82552   
   6.2       13080      100000       3        82841        3        82841   
   6.3       12917      100000       3        82962        3        82962   
   6.4       12771      100000       3        83241        3        83241   
   6.5       12711      100000       3        83289        3        83289   
   6.6       12714      100000       3        83295        3        83295   
   6.7       12597      100000       4        83443        3        83421   
   6.8       12737      100000       3        83279        3        83279   
   6.9       12710      100000       3        83425        3        83425   
   7.0       12626      100000       3        83474        3        83474   
   7.1       12726      100000       3        83364        3        83364   
   7.2       12850      100000       3        83054        3        83054   
   7.3       12910      100000       3        83072        3        83072   
   7.4       12742      100000       3        83280        3        83280   
   7.5       12633      100000       3        83589        3        83589   
   7.6       12494      100000       3        83680        3        83680   
   7.7       12575      100000       3        83585        3        83585   
   7.8       12708      100000       3        83425        3        83425   
   7.9       12780      100000       3        83471        3        83471   
   8.0       12721      100000       3        83289        3        83289   
   8.1       12848      100000       3        82970        3        82970   
   8.2       13000      100000       3        82763        3        82763   
   8.3       13050      100000       3        82878        3        82878   
   8.4       12768      100000       3        83193        3        83193   
   8.5       12761      100000       3        83356        3        83356   
   8.6       12766      100000       3        83363        3        83363   
   8.7       12843      100000       3        83143        3        83143   
   8.8       12883      100000       3        83036        3        83036   
   8.9       12795      100000       3        83040        3        83040   
   9.0       12769      100000       3        83100        3        83100   
   9.1       12794      100000       3        83193        3        83193   
   9.2       12970      100000       3        82761        3        82761   
   9.3       13264      100000       3        82491        3        82491   
   9.4       13302      100000       3        82551        3        82551   
   9.5       13009      100000       3        82738        3        82738   
   9.6       12851      100000       3        83152        3        83152   
   9.7       12831      100000       3        83084        3        83084   
   9.8       12919      100000       3        83072        3        83072   
   9.9       12972      100000       3        82883        3        82883   
   10.0      12953      100000       3        82846        3        82846   
   10.1      13106      100000       3        82756        3        82756   
   10.2      13066      100000       4        82712        3        82691   
   10.3      13085      100000       3        82643        3        82643   
   10.4      13179      100000       3        82543        2        81554   
   10.5      13242      100000       3        82553        2        81889   
   10.6      13083      100000       4        82437        2        82285   
   10.7      13105      100000       2        82492        2        82492   
   10.8      13182      100000       2        82778        2        82778   
   10.9      12826      100000       2        83226        2        83226   
   11.0      12616      100000       2        83648        2        83648   
   11.1      12370      100000       2        83955        2        83955   
   11.2      12230      100000       2        84309        2        84309   
   11.3      12085      100000       2        84451        2        84451   
   11.4      12139      100000       2        84385        2        84385   
   11.5      12227      100000       2        84314        2        84314   
   11.6      12030      100000       2        84512        2        84512   
   11.7      12108      100000       2        84631        2        84631   
   11.8      11969      100000       2        84670        2        84670   
   11.9      12127      100000       2        84448        2        84448   
   12.0      12149      100000       2        84251        2        84251   
   12.1      12314      100000       2        84071        2        84071   
   12.2      12363      100000       2        83977        2        83977   
   12.3      12455      100000       2        83858        2        83858   
   12.4      12389      100000       2        83767        2        83767   
   12.5      12505      100000       2        83807        2        83807   
   12.6      12421      100000       2        83997        2        83997   
   12.7      12182      100000       2        84381        2        84381   
   12.8      11890      100000       2        84732        2        84732   
   12.9      11964      100000       2        84766        2        84766   
   13.0      11953      100000       2        84716        2        84716   
   13.1      12170      100000       2        84340        2        84340   
   13.2      12245      100000       2        84170        2        84170   
   13.3      12244      100000       2        84132        2        84132   
   13.4      12370      100000       2        84214        2        84214   
   13.5      12133      100000       2        84290        2        84290   
   13.6      12222      100000       2        84244        2        84244   
   13.7      12373      100000       2        84021        2        84021   
   13.8      12354      100000       2        84156        2        84156   
   13.9      12300      100000       2        84108        2        84108   
   14.0      12214      100000       2        83985        2        83985   
   14.1      12364      100000       2        83923        2        83923   
   14.2      12553      100000       2        83776        2        83776   
   14.3      12385      100000       2        83809        2        83809   
   14.4      12420      100000       2        83866        2        83866   
   14.5      12450      100000       2        83937        2        83937   
   14.6      12480      100000       2        83822        2        83822   
   14.7      12279      100000       2        84233        2        84233   
   14.8      12119      100000       2        84399        2        84399   
   14.9      12061      100000       2        84632        2        84632   
   15.0      11986      100000       2        84598        2        84598   
   15.1      12002      100000       2        84739        2        84739   
   15.2      11954      100000       2        84847        2        84847   
   15.3      11988      100000       2        84644        2        84644   
   15.4      12154      100000       3        84183        2        84159   
   15.5      12193      100000       2        84340        2        84340   
   15.6      12147      100000       2        84290        2        84290   
   15.7      12211      100000       2        84394        2        84394   
   15.8      12198      100000       2        84402        2        84402   
   15.9      11928      100000       2        84537        2        84537   
   16.0      11918      100000       2        84775        2        84775   
   16.1      11934      100000       2        84783        2        84783   
   16.2      11945      100000       2        84746        2        84746   
   16.3      11826      100000       2        84979        2        84979   
   16.4      11827      100000       2        84913        2        84913   
   16.5      11854      100000       2        84881        2        84881   
   16.6      11959      100000       2        84582        2        84582   
   16.7      12054      100000       2        84428        2        84428   
   16.8      12193      100000       2        84269        2        84269   
   16.9      12419      100000       3        84065        2        84024   
   17.0      12323      100000       3        84182        2        84158   
   17.1      12227      100000       2        84286        2        84286   
   17.2      12215      100000       2        84318        2        84318   
   17.3      12252      100000       2        84161        2        84161   
   17.4      12255      100000       2        84164        2        84164   
   17.5      12410      100000       2        83995        2        83995   
   17.6      12411      100000       2        84021        2        84021   
   17.7      12375      100000       2        84057        2        84057   
   17.8      12354      100000       2        83945        2        83945   
   17.9      12471      100000       2        84077        2        84077   
   18.0      12306      100000       2        84121        2        84121   
   18.1      12432      100000       2        84025        2        84025   
   18.2      12363      100000       2        84070        2        84070   
   18.3      12221      100000       2        84252        2        84252   
   18.4      12252      100000       2        84239        2        84239   
   18.5      12201      100000       2        84234        2        84234   
   18.6      12290      100000       2        84309        2        84309   
   18.7      12165      100000       2        84276        2        84276   
   18.8      12292      100000       2        84122        2        84122   
   18.9      12321      100000       2        84164        2        84164   
   19.0      12359      100000       2        84069        2        84069   
   19.1      12233      100000       2        84038        2        84038   
   19.2      12359      100000       2        83904        2        83904   
   19.3      12601      100000       2        83690        2        83690   
   19.4      12553      100000       3        83718        2        83695   
   19.5      12729      100000       2        83466        2        83466   
   19.6      12586      100000       2        83588        2        83588   
   19.7      12459      100000       2        83924        2        83924   
   19.8      12396      100000       2        84058        2        84058   
   19.9      12286      100000       2        84182        2        84182   
   20.0      12323      100000       2        84180        2        84180   
   20.1      12406      100000       2        84149        2        84149   
   20.2      12127      100000       2        84252        2        84252   
   20.3      12233      100000       2        84230        2        84230   
   20.4      12164      100000       2        84160        2        84160   
   20.5      12151      100000       2        84316        2        84316   
   20.6      12172      100000       2        84321        2        84321   
   20.7      12217      100000       2        84416        2        84416   
   20.8      12034      100000       2        84642        2        84642   
   20.9      11934      100000       2        84732        2        84732   
   21.0      12018      100000       2        84576        2        84576   
   21.1      12109      100000       2        84523        2        84523   
   21.2      12101      100000       2        84497        2        84497   
   21.3      12061      100000       2        84387        2        84387   
   21.4      12283      100000       2        84289        2        84289   
   21.5      12250      100000       2        84149        2        84149   
   21.6      12247      100000       2        84196        2        84196   
   21.7      12380      100000       2        84047        2        84047   
   21.8      12468      100000       2        84087        2        84087   
   21.9      12444      100000       2        83840        2        83840   
   22.0      12355      100000       2        83927        2        83927   
   22.1      12493      100000       2        83734        2        83734   
   22.2      12451      100000       2        83766        2        83766   
   22.3      12232      100000       2        84168        2        84168   
   22.4      12138      100000       2        84402        2        84402   
   22.5      12133      100000       2        84407        2        84407   
   22.6      12102      100000       2        84437        2        84437   
   22.7      12339      100000       2        84064        2        84064   
   22.8      12233      100000       2        84262        2        84262   
   22.9      12388      100000       2        84113        2        84113   
   23.0      12318      100000       2        84169        2        84169   
   23.1      12345      100000       2        84094        2        84094   
   23.2      12337      100000       2        84078        2        84078   
   23.3      12360      100000       2        84104        2        84104   
   23.4      12225      100000       2        84345        2        84345   
   23.5      12260      100000       2        84415        2        84415   
   23.6      12097      100000       2        84486        2        84486   
   23.7      12292      100000       2        84253        2        84253   
   23.8      12161      100000       2        84338        2        84338   
   23.9      12069      100000       2        84539        2        84539   
   24.0      12109      100000       2        84500        2        84500   
   24.1      12107      100000       2        84408        2        84408   
   24.2      12108      100000       2        84503        2        84503   
   24.3      12033      100000       2        84624        2        84624   
   24.4      11991      100000       2        84563        2        84563   
   24.5      12172      100000       2        84317        2        84317   
   24.6      12348      100000       2        83766        2        83766   
   24.7      12614      100000       2        83577        2        83577   
   24.8      12674      100000       2        83464        2        83464   
   24.9      12692      100000       2        83547        2        83547   
   25.0      12547      100000       2        83600        2        83600   
   25.1      12539      100000       2        83687        2        83687   
   25.2      12427      100000       2        83954        2        83954   
   25.3      12341      100000       2        84094        2        84094   
   25.4      12201      100000       2        84307        2        84307   
   25.5      12151      100000       2        84469        2        84469   
   25.6      12070      100000       2        84485        2        84485   
   25.7      12196      100000       2        84266        2        84266   
   25.8      12323      100000       2        84186        2        84186   
   25.9      12267      100000       2        84281        2        84281   
   26.0      12106      100000       2        84466        2        84466   
   26.1      12225      100000       2        84449        2        84449   
   26.2      12087      100000       2        84492        2        84492   
   26.3      12027      100000       2        84430        2        84430   
   26.4      12347      100000       2        84079        2        84079   
   26.5      12263      100000       2        84204        2        84204   
   26.6      12232      100000       2        84380        2        84380   
   26.7      12188      100000       2        84384        2        84384   
   26.8      12220      100000       2        84151        2        84151   
   26.9      12326      100000       2        84150        2        84150   
   27.0      12064      100000       2        84300        2        84300   
   27.1      12059      100000       2        84482        2        84482   
   27.2      12019      100000       2        84696        2        84696   
   27.3      12024      100000       2        84509        2        84509   
   27.4      11979      100000       2        84750        2        84750   
   27.5      11984      100000       2        84803        2        84803   
   27.6      11913      100000       2        84744        2        84744   
   27.7      12029      100000       2        84682        2        84682   
   27.8      11975      100000       2        84754        2        84754   
   27.9      11988      100000       2        84626        2        84626   
   28.0      12083      100000       2        84523        2        84523   
   28.1      12032      100000       2        84583        2        84583   
   28.2      12027      100000       2        84567        2        84567   
   28.3      12128      100000       2        84449        2        84449   
   28.4      12233      100000       2        84218        2        84218   
   28.5      12268      100000       2        84163        2        84163   
   28.6      12363      100000       2        83969        2        83969   
   28.7      12387      100000       2        84015        2        84015   
   28.8      12507      100000       2        83870        2        83870   
   28.9      12785      100000       2        83443        2        83443   
   29.0      12748      100000       2        83434        2        83434   
   29.1      12604      100000       2        83594        2        83594   
   29.2      12418      100000       2        83943        2        83943   
   29.3      12384      100000       2        84097        2        84097   
   29.4      12390      100000       2        84111        2        84111   
   29.5      12189      100000       2        84190        2        84190   
   29.6      12247      100000       2        84249        2        84249   
   29.7      12274      100000       2        84201        2        84201   
   29.8      12394      100000       2        84089        2        84089   
   29.9      12209      100000       2        84255        2        84255   
   30.0      12121      100000       2        84326        2        84326   
   30.1      12170      100000       2        84393        2        84393   
   30.2      12148      100000       2        84390        2        84390   
   30.3      12184      100000       2        84444        2        84444   
   30.4      11990      100000       2        84658        2        84658   
   30.5      11973      100000       2        84509        2        84509   
   30.6      12082      100000       2        84396        2        84396   
   30.7      12240      100000       2        84107        2        84107   
   30.8      12434      100000       2        84031        2        84031   
   30.9      12513      100000       2        83634        2        83634   
   31.0      12528      100000       2        83688        2        83688   
   31.1      12528      100000       2        83516        2        83516   
   31.2      12640      100000       2        83665        2        83665   
   31.3      12637      100000       2        83569        2        83569   
   31.4      12725      100000       2        83403        2        83403   
   31.5      12614      100000       2        83539        2        83539   
   31.6      12674      100000       2        83630        2        83630   
   31.7      12740      100000       2        83465        2        83465   
   31.8      12519      100000       2        83777        2        83777   
   31.9      12305      100000       2        84187        2        84187   
   32.0      12067      100000       2        84505        2        84505   
   32.1      12010      100000       2        84721        2        84721   
   32.2      11731      100000       2        85093        2        85093   
   32.3      11843      100000       2        84961        2        84961   
   32.4      11873      100000       2        84990        2        84990   
   32.5      11840      100000       2        84982        2        84982   
   32.6      11946      100000       2        84846        2        84846   
   32.7      11991      100000       2        84657        2        84657   
   32.8      11996      100000       2        84440        2        84440   
   32.9      12144      100000       2        84444        2        84444   
   33.0      12089      100000       2        84599        2        84599   
   33.1      11902      100000       2        84804        2        84804   
   33.2      11820      100000       2        84921        2        84921   
   33.3      11791      100000       2        84998        2        84998   
   33.4      11673      100000       2        85055        2        85055   
   33.5      11730      100000       2        85103        2        85103   
   33.6      11672      100000       2        85271        2        85271   
   33.7      11822      100000       2        84991        2        84991   
   33.8      11996      100000       2        84790        2        84790   
   33.9      11940      100000       2        84746        2        84746   
   34.0      11900      100000       2        84919        2        84919   
   34.1      11828      100000       2        84820        2        84820   
   34.2      11992      100000       2        84768        2        84768   
   34.3      12040      100000       2        84690        2        84690   
   34.4      11907      100000       2        84608        2        84608   
   34.5      11965      100000       2        84688        2        84688   
   34.6      11957      100000       2        84575        2        84575   
   34.7      12000      100000       2        84592        2        84592   
   34.8      12019      100000       2        84587        2        84587   
   34.9      12031      100000       2        84578        2        84578   
   35.0      12270      100000       2        84227        2        84227   
   35.1      12235      100000       2        84138        2        84138   
   35.2      12285      100000       2        84053        2        84053   
   35.3      12203      100000       2        84182        2        84182   
   35.4      12128      100000       2        84417        2        84417   
   35.5      12206      100000       2        84410        2        84410   
   35.6      12123      100000       2        84411        2        84411   
   35.7      12201      100000       2        84326        2        84326   
   35.8      12288      100000       2        84246        2        84246   
   35.9      12205      100000       2        84252        2        84252   
   36.0      12091      100000       2        84262        2        84262   
   36.1      12103      100000       2        84379        2        84379   
   36.2      12131      100000       2        84440        2        84440   
   36.3      12332      100000       2        84172        2        84172   
   36.4      12275      100000       2        84129        2        84129   
   36.5      12360      100000       2        84043        2        84043   
   36.6      12291      100000       2        84197        2        84197   
   36.7      12244      100000       2        84155        2        84155   
   36.8      12259      100000       2        84192        2        84192   
   36.9      12402      100000       2        84090        2        84090   
   37.0      12445      100000       2        83830        2        83830   
   37.1      12494      100000       2        83849        2        83849   
   37.2      12531      100000       2        83708        2        83708   
   37.3      12721      100000       2        83312        2        83312   
   37.4      12935      100000       2        83134        2        83134   
   37.5      12852      100000       2        83144        2        83144   
   37.6      12724      100000       2        83251        2        83251   
   37.7      12806      100000       2        83245        2        83245   
   37.8      12858      100000       2        83192        2        83192   
   37.9      12763      100000       2        83319        2        83319   
   38.0      12816      100000       3        83224        2        83201   
   38.1      12801      100000       2        83168        2        83168   
   38.2      12911      100000       2        82919        2        82919   
   38.3      13002      100000       2        82802        2        82802   
   38.4      13015      100000       2        82892        2        82892   
   38.5      12867      100000       2        83299        2        83299   
   38.6      12566      100000       2        83691        2        83691   
   38.7      12439      100000       2        83927        2        83927   
   38.8      12337      100000       2        84016        2        84016   
   38.9      12191      100000       2        84300        2        84300   
   39.0      12175      100000       2        84501        2        84501   
   39.1      12142      100000       2        84423        2        84423   
   39.2      12140      100000       3        84334        2        84303   
   39.3      12121      100000       2        84440        2        84440   
   39.4      12066      100000       2        84673        2        84673   
   39.5      11782      100000       2        84947        2        84947   
   39.6      11848      100000       2        84842        2        84842   
   39.7      11851      100000       2        84802        2        84802   
   39.8      11824      100000       2        84777        2        84777   
   39.9      12019      100000       2        84609        2        84609   
   40.0      12247      100000       3        84312        2        84289   
   40.1      12208      100000       2        84212        2        84212   
   40.2      12305      100000       2        84226        2        84226   
   40.3      12103      100000       3        84418        2        84395   
   40.4      12183      100000       2        84426        2        84426   
   40.5      12127      100000       2        84405        2        84405   
   40.6      12223      100000       2        84308        2        84308   
   40.7      12178      100000       2        84248        2        84248   
   40.8      12303      100000       2        84063        2        84063   
   40.9      12353      100000       2        84146        2        84146   
   41.0      12347      100000       2        84059        2        84059   
   41.1      12321      100000       2        84007        2        84007   
   41.2      12364      100000       2        84073        2        84073   
   41.3      12271      100000       2        84167        2        84167   
   41.4      12320      100000       2        84129        2        84129   
   41.5      12341      100000       2        84084        2        84084   
   41.6      12294      100000       2        84136        2        84136   
   41.7      12386      100000       2        83917        2        83917   
   41.8      12822      100000       2        83420        2        83420   
   41.9      12809      100000       2        83419        2        83419   
   42.0      12850      100000       2        83227        2        83227   
   42.1      12792      100000       2        83290        2        83290   
   42.2      12723      100000       2        83170        2        83170   
   42.3      12942      100000       2        83005        2        83005   
   42.4      13071      100000       3        82845        2        82824   
   42.5      13131      100000       2        82794        2        82794   
   42.6      13035      100000       2        82927        2        82927   
   42.7      12928      100000       2        83234        2        83234   
   42.8      12653      100000       2        83441        2        83441   
   42.9      12546      100000       2        83516        2        83516   
   43.0      12641      100000       2        83710        2        83710   
   43.1      12327      100000       2        84077        2        84077   
   43.2      12380      100000       2        84066        2        84066   
   43.3      12308      100000       2        84202        2        84202   
   43.4      11967      100000       2        84580        2        84580   
   43.5      12107      100000       2        84619        2        84619   
   43.6      11979      100000       2        84908        2        84908   
   43.7      11834      100000       2        84965        2        84965   
   43.8      11885      100000       2        84900        2        84900   
   43.9      11843      100000       2        84812        2        84812   
   44.0      11797      100000       2        84978        2        84978   
   44.1      11990      100000       2        84577        2        84577   
   44.2      12258      100000       2        84252        2        84252   
   44.3      12488      100000       2        83810        2        83810   
   44.4      12425      100000       2        83845        2        83845   
   44.5      12589      100000       2        83746        2        83746   
   44.6      12502      100000       2        83597        2        83597   
   44.7      12658      100000       2        83612        2        83612   
   44.8      12602      100000       2        83668        2        83668   
   44.9      12496      100000       2        83968        2        83968   
   45.0      12436      100000       2        83795        2        83795   
   45.1      12601      100000       2        83630        2        83630   
   45.2      12542      100000       2        83658        2        83658   
   45.3      12483      100000       2        83700        2        83700   
   45.4      12573      100000       3        83667        2        83641   
   45.5      12611      100000       2        83584        2        83584   
   45.6      12715      100000       2        83466        2        83466   
   45.7      12561      100000       2        83651        2        83651   
   45.8      12640      100000       2        83667        2        83667   
   45.9      12541      100000       2        83635        2        83635   
   46.0      12666      100000       2        83349        2        83349   
   46.1      12904      100000       2        83136        2        83136   
   46.2      12704      100000       2        83339        2        83339   
   46.3      12613      100000       2        83492        2        83492   
   46.4      12825      100000       3        83175        1        82180   
   46.5      12803      100000       2        83049        1        82769   
   46.6      12899      100000       1        83056        1        83056   
   46.7      12649      100000       1        83468        1        83468   
   46.8      12634      100000       1        83784        1        83784   
   46.9      12596      100000       1        83795        1        83795   
   47.0      12333      100000       1        83953        1        83953   
   47.1      12197      100000       1        84326        1        84326   
   47.2      12097      100000       1        84719        1        84719   
   47.3      11933      100000       1        84956        1        84956   
   47.4      11711      100000       1        85287        1        85287   
   47.5      11437      100000       1        85551        1        85551   
   47.6      11342      100000       1        85812        1        85812   
   47.7      11134      100000       1        85981        1        85981   
   47.8      11146      100000       1        85929        1        85929   
   47.9      11306      100000       1        85820        1        85820   
   48.0      11354      100000       1        85853        1        85853   
   48.1      11380      100000       1        85749        1        85749   
   48.2      11556      100000       1        85423        1        85423   
   48.3      11486      100000       1        85532        1        85532   
   48.4      11517      100000       1        85372        1        85372   
   48.5      11695      100000       1        85197        1        85197   
   48.6      11890      100000       1        85032        1        85032   
   48.7      11875      100000       1        84670        1        84670   
   48.8      12121      100000       1        84399        1        84399   
   48.9      12131      100000       1        84396        1        84396   
   49.0      12177      100000       1        84546        1        84546   
   49.1      12008      100000       1        84736        1        84736   
   49.2      11901      100000       1        84861        1        84861   
   49.3      11772      100000       1        85032        1        85032   
   49.4      11687      100000       1        85250        1        85250   
   49.5      11580      100000       1        85419        1        85419   
   49.6      11544      100000       1        85564        1        85564   
   49.7      11383      100000       1        85799        1        85799   
   49.8      11432      100000       1        85736        1        85736   
   49.9      11463      100000       1        85603        1        85603   
   50.0      11585      100000       1        85520        1        85520   
   50.1      11373      100000       1        85581        1        85581   
   50.2      11321      100000       1        85724        1        85724   
   50.3      11326      100000       1        85654        1        85654   
   50.4      11324      100000       1        85772        1        85772   
   50.5      11369      100000       1        85780        1        85780   
   50.6      11319      100000       1        85759        1        85759   
   50.7      11255      100000       1        85792        1        85792   
   50.8      11253      100000       1        85636        1        85636   
   50.9      11503      100000       1        85477        1        85477   
   51.0      11582      100000       1        85258        1        85258   
   51.1      11799      100000       1        84970        1        84970   
   51.2      11868      100000       1        84758        1        84758   
   51.3      11938      100000       1        84576        1        84576   
   51.4      12148      100000       1        84493        1        84493   
   51.5      12080      100000       1        84487        1        84487   
   51.6      12005      100000       1        84599        1        84599   
   51.7      11847      100000       1        84899        1        84899   
   51.8      11779      100000       1        84913        1        84913   
   51.9      11687      100000       1        85120        1        85120   
   52.0      11685      100000       1        85156        1        85156   
   52.1      11767      100000       1        85113        1        85113   
   52.2      11668      100000       1        85284        1        85284   
   52.3      11655      100000       1        85407        1        85407   
   52.4      11580      100000       1        85368        1        85368   
   52.5      11642      100000       1        85314        1        85314   
   52.6      11617      100000       1        85238        1        85238   
   52.7      11625      100000       1        85288        1        85288   
   52.8      11640      100000       1        85368        1        85368   
   52.9      11516      100000       1        85504        1        85504   
   53.0      11369      100000       1        85816        1        85816   
   53.1      11423      100000       1        85688        1        85688   
   53.2      11320      100000       1        85657        1        85657   
   53.3      11537      100000       1        85406        1        85406   
   53.4      11638      100000       1        85289        1        85289   
   53.5      11568      100000       1        85420        1        85420   
   53.6      11549      100000       1        85452        1        85452   
   53.7      11641      100000       1        85326        1        85326   
   53.8      11869      100000       1        85118        1        85118   
   53.9      11760      100000       2        85002        1        84965   
   54.0      11927      100000       1        84859        1        84859   
   54.1      11851      100000       1        85030        1        85030   
   54.2      11962      100000       1        84913        1        84913   
   54.3      11935      100000       1        84771        1        84771   
   54.4      11936      100000       1        84724        1        84724   
   54.5      11819      100000       1        84896        1        84896   
   54.6      11878      100000       1        84891        1        84891   
   54.7      11844      100000       1        84957        1        84957   
   54.8      11681      100000       1        85058        1        85058   
   54.9      11676      100000       1        85206        1        85206   
   55.0      11618      100000       1        85240        1        85240   
   55.1      11804      100000       1        84952        1        84952   
   55.2      11833      100000       1        84773        1        84773   
   55.3      11958      100000       1        84820        1        84820   
   55.4      11986      100000       1        84813        1        84813   
   55.5      12090      100000       1        84729        1        84729   
   55.6      12036      100000       1        84597        1        84597   
   55.7      11993      100000       1        84543        1        84543   
   55.8      12156      100000       1        84460        1        84460   
   55.9      12224      100000       1        84450        1        84450   
   56.0      12237      100000       1        84324        1        84324   
   56.1      12184      100000       1        84398        1        84398   
   56.2      12244      100000       1        84351        1        84351   
   56.3      12266      100000       1        84301        1        84301   
   56.4      12239      100000       1        84282        1        84282   
   56.5      12234      100000       1        84315        1        84315   
   56.6      12115      100000       1        84380        1        84380   
   56.7      12033      100000       1        84541        1        84541   
   56.8      11895      100000       1        84773        1        84773   
   56.9      11833      100000       1        85009        1        85009   
   57.0      11815      100000       1        85030        1        85030   
   57.1      11720      100000       1        85069        1        85069   
   57.2      11884      100000       1        84863        1        84863   
   57.3      11804      100000       1        85011        1        85011   
   57.4      11810      100000       1        84914        1        84914   
   57.5      11807      100000       1        85088        1        85088   
   57.6      11810      100000       1        85080        1        85080   
   57.7      11732      100000       2        85157        1        85136   
   57.8      11762      100000       1        85018        1        85018   
   57.9      11845      100000       1        84851        1        84851   
   58.0      11766      100000       1        84989        1        84989   
   58.1      11868      100000       1        85051        1        85051   
   58.2      11814      100000       1        84982        1        84982   
   58.3      11938      100000       1        84907        1        84907   
   58.4      11826      100000       1        84958        1        84958   
   58.5      11941      100000       1        84794        1        84794   
   58.6      11901      100000       1        84938        1        84938   
   58.7      11894      100000       1        84880        1        84880   
   58.8      11834      100000       1        84919        1        84919   
   58.9      11885      100000       1        84861        1        84861   
   59.0      11969      100000       1        84813        1        84813   
   59.1      11893      100000       1        84897        1        84897   
   59.2      11934      100000       1        84880        1        84880   
   59.3      11875      100000       1        85021        1        85021   
   59.4      11718      100000       1        85125        1        85125   
   59.5      11867      100000       1        85093        1        85093   
   59.6      11813      100000       1        85076        1        85076   
   59.7      11987      100000       1        84815        1        84815   
   59.8      11933      100000       1        84705        1        84705   
   59.9      12116      100000       1        84549        1        84549   
   60.0      12219      100000       1        84499        1        84499   
   60.1      12202      100000       1        84394        1        84394   
   60.2      12149      100000       1        84520        1        84520   
   60.3      12060      100000       1        84631        1        84631   
   60.4      11999      100000       1        84632        1        84632   
   60.5      11987      100000       1        84729        1        84729   
   60.6      11798      100000       1        84981        1        84981   
   60.7      11681      100000       1        84960        1        84960   
   60.8      11692      100000       1        85175        1        85175   
   60.9      11762      100000       1        85145        1        85145   
   61.0      11636      100000       1        85251        1        85251   
   61.1      11638      100000       1        85454        1        85454   
   61.2      11528      100000       1        85487        1        85487   
   61.3      11485      100000       2        85412        1        85385   
   61.4      11748      100000       1        85171        1        85171   
   61.5      11747      100000       1        85148        1        85148   
   61.6      11762      100000       1        85215        1        85215   
   61.7      11764      100000       1        85218        1        85218   
   61.8      11468      100000       1        85362        1        85362   
   61.9      11524      100000       1        85569        1        85569   
   62.0      11367      100000       1        85701        1        85701   
   62.1      11370      100000       1        85805        1        85805   
   62.2      11350      100000       2        85665        1        85644   
   62.3      11568      100000       1        85425        1        85425   
   62.4      11644      100000       1        85250        1        85250   
   62.5      11542      100000       1        85352        1        85352   
   62.6      11635      100000       1        85192        1        85192   
   62.7      11623      100000       1        85114        1        85114   
   62.8      11865      100000       1        84891        1        84891   
   62.9      12032      100000       1        84645        1        84645   
   63.0      12141      100000       1        84340        1        84340   
   63.1      12266      100000       1        84180        1        84180   
   63.2      12286      100000       1        84377        1        84377   
   63.3      11874      100000       1        84706        1        84706   
   63.4      12015      100000       1        84737        1        84737   
   63.5      11969      100000       1        84568        1        84568   
   63.6      12124      100000       1        84486        1        84486   
   63.7      12232      100000       1        84376        1        84376   
   63.8      12085      100000       1        84488        1        84488   
   63.9      12003      100000       1        84630        1        84630   
   64.0      11881      100000       2        84898        1        84877   
   64.1      11817      100000       1        85043        1        85043   
   64.2      11742      100000       1        84997        1        84997   
   64.3      11848      100000       1        84986        1        84986   
   64.4      11911      100000       1        84859        1        84859   
   64.5      11997      100000       1        84780        1        84780   
   64.6      11876      100000       1        84932        1        84932   
   64.7      11925      100000       1        84860        1        84860   
   64.8      11853      100000       1        84845        1        84845   
   64.9      11818      100000       1        84919        1        84919   
   65.0      11837      100000       1        84993        1        84993   
   65.1      11904      100000       1        84794        1        84794   
   65.2      12050      100000       1        84651        1        84651   
   65.3      12064      100000       1        84549        1        84549   
   65.4      12054      100000       1        84717        1        84717   
   65.5      11970      100000       1        84655        1        84655   
   65.6      12039      100000       1        84631        1        84631   
   65.7      12104      100000       2        84436        1        84414   
   65.8      12214      100000       1        84332        1        84332   
   65.9      12111      100000       1        84488        1        84488   
   66.0      12103      100000       1        84679        1        84679   
   66.1      11973      100000       1        84743        1        84743   
   66.2      11662      100000       1        85079        1        85079   
   66.3      11661      100000       1        85138        1        85138   
   66.4      11758      100000       1        85134        1        85134   
   66.5      11624      100000       1        85276        1        85276   
   66.6      11549      100000       1        85424        1        85424   
   66.7      11502      100000       1        85606        1        85606   
   66.8      11391      100000       1        85643        1        85643   
   66.9      11489      100000       1        85447        1        85447   
   67.0      11494      100000       1        85512        1        85512   
   67.1      11503      100000       1        85442        1        85442   
   67.2      11598      100000       1        85384        1        85384   
   67.3      11492      100000       1        85503        1        85503   
   67.4      11551      100000       1        85442        1        85442   
   67.5      11555      100000       1        85401        1        85401   
   67.6      11667      100000       1        85308        1        85308   
   67.7      11602      100000       1        85278        1        85278   
   67.8      11808      100000       1        85126        1        85126   
   67.9      11821      100000       1        84903        1        84903   
   68.0      12026      100000       1        84648        1        84648   
   68.1      12051      100000       1        84572        1        84572   
   68.2      12019      100000       1        84575        1        84575   
   68.3      12069      100000       1        84614        1        84614   
   68.4      12131      100000       1        84542        1        84542   
   68.5      12046      100000       1        84671        1        84671   
   68.6      11880      100000       1        84830        1        84830   
   68.7      11923      100000       1        84800        1        84800   
   68.8      11852      100000       1        84950        1        84950   
   68.9      11825      100000       1        84923        1        84923   
   69.0      11904      100000       1        84863        1        84863   
   69.1      11869      100000       1        84880        1        84880   
   69.2      11958      100000       1        84782        1        84782   
   69.3      11983      100000       1        84685        1        84685   
   69.4      12070      100000       1        84573        1        84573   
   69.5      12101      100000       1        84721        1        84721   
   69.6      11785      100000       1        84964        1        84964   
   69.7      11667      100000       1        85198        1        85198   
   69.8      11428      100000       1        85649        1        85649   
   69.9      11594      100000       1        85312        1        85312   
   70.0      11625      100000       1        85157        1        85157   
   70.1      11784      100000       1        85091        1        85091   
   70.2      11626      100000       1        85171        1        85171   
   70.3      11577      100000       1        85346        1        85346   
   70.4      11471      100000       1        85575        1        85575   
   70.5      11321      100000       1        85857        1        85857   
   70.6      11264      100000       1        85869        1        85869   
   70.7      11252      100000       1        85962        1        85962   
   70.8      11199      100000       1        86118        1        86118   
   70.9      11175      100000       1        86048        1        86048   
   71.0      11144      100000       1        86080        1        86080   
   71.1      11222      100000       1        85945        1        85945   
   71.2      11281      100000       1        85916        1        85916   
   71.3      11507      100000       1        85664        1        85664   
   71.4      11589      100000       1        85421        1        85421   
   71.5      11504      100000       1        85377        1        85377   
   71.6      11447      100000       1        85354        1        85354   
   71.7      11579      100000       1        85346        1        85346   
   71.8      11644      100000       1        85231        1        85231   
   71.9      11742      100000       1        85006        1        85006   
   72.0      11852      100000       1        84954        1        84954   
   72.1      11729      100000       1        84912        1        84912   
   72.2      11665      100000       1        85199        1        85199   
   72.3      11642      100000       1        85374        1        85374   
   72.4      11494      100000       1        85524        1        85524   
   72.5      11474      100000       1        85502        1        85502   
   72.6      11387      100000       1        85721        1        85721   
   72.7      11384      100000       1        85767        1        85767   
   72.8      11587      100000       1        85339        1        85339   
   72.9      11645      100000       1        85366        1        85366   
   73.0      11746      100000       1        85145        1        85145   
   73.1      11797      100000       1        84922        1        84922   
   73.2      11776      100000       1        85003        1        85003   
   73.3      11772      100000       1        85100        1        85100   
   73.4      11696      100000       1        85085        1        85085   
   73.5      11683      100000       1        85224        1        85224   
   73.6      11678      100000       1        85155        1        85155   
   73.7      11845      100000       1        85129        1        85129   
   73.8      11565      100000       1        85310        1        85310   
   73.9      11467      100000       1        85554        1        85554   
   74.0      11449      100000       2        85577        1        85542   
   74.1      11479      100000       1        85525        1        85525   
   74.2      11657      100000       1        85337        1        85337   
   74.3      11694      100000       1        85213        1        85213   
   74.4      11713      100000       1        85224        1        85224   
   74.5      11684      100000       1        85324        1        85324   
   74.6      11507      100000       1        85518        1        85518   
   74.7      11375      100000       1        85643        1        85643   
   74.8      11306      100000       1        85730        1        85730   
   74.9      11345      100000       1        85635        1        85635   
   75.0      11491      100000       1        85495        1        85495   
   75.1      11513      100000       1        85500        1        85500   
   75.2      11504      100000       1        85493        1        85493   
   75.3      11489      100000       1        85361        1        85361   
   75.4      11824      100000       1        85109        1        85109   
   75.5      11939      100000       1        84924        1        84924   
   75.6      11878      100000       1        84827        1        84827   
   75.7      11999      100000       1        84593        1        84593   
   75.8      12033      100000       1        84662        1        84662   
   75.9      12031      100000       1        84605        1        84605   
   76.0      12045      100000       1        84579        1        84579   
   76.1      12028      100000       1        84684        1        84684   
   76.2      11850      100000       1        85019        1        85019   
   76.3      11712      100000       1        85216        1        85216   
   76.4      11674      100000       1        85257        1        85257   
   76.5      11586      100000       1        85241        1        85241   
   76.6      11704      100000       1        85238        1        85238   
   76.7      11594      100000       1        85245        1        85245   
   76.8      11673      100000       1        85287        1        85287   
   76.9      11658      100000       1        85359        1        85359   
   77.0      11499      100000       1        85599        1        85599   
   77.1      11547      100000       1        85489        1        85489   
   77.2      11544      100000       1        85511        1        85511   
   77.3      11505      100000       1        85465        1        85465   
   77.4      11501      100000       1        85448        1        85448   
   77.5      11604      100000       1        85423        1        85423   
   77.6      11478      100000       1        85403        1        85403   
   77.7      11584      100000       1        85272        1        85272   
   77.8      11846      100000       1        85091        1        85091   
   77.9      11858      100000       1        85033        1        85033   
   78.0      11905      100000       1        84988        1        84988   
   78.1      11624      100000       1        85294        1        85294   
   78.2      11678      100000       1        85181        1        85181   
   78.3      11675      100000       1        85194        1        85194   
   78.4      11764      100000       1        85032        1        85032   
   78.5      11837      100000       1        84975        1        84975   
   78.6      11989      100000       1        84664        1        84664   
   78.7      12050      100000       1        84517        1        84517   
   78.8      12124      100000       1        84492        1        84492   
   78.9      12224      100000       1        84371        1        84371   
   79.0      12244      100000       1        84498        1        84498   
   79.1      11933      100000       1        84782        1        84782   
   79.2      11851      100000       1        84932        1        84932   
   79.3      11816      100000       1        85227        1        85227   
   79.4      11705      100000       1        85246        1        85246   
   79.5      11493      100000       1        85537        1        85537   
   79.6      11405      100000       1        85714        1        85714   
   79.7      11340      100000       1        85730        1        85730   
   79.8      11260      100000       1        85628        1        85628   
   79.9      11560      100000       1        85478        1        85478   
   80.0      11486      100000       1        85411        1        85411   
   80.1      11467      100000       1        85650        1        85650   
   80.2      11512      100000       1        85636        1        85636   
   80.3      11589      100000       1        85499        1        85499   
   80.4      11486      100000       1        85667        1        85667   
   80.5      11332      100000       1        85746        1        85746   
   80.6      11299      100000       1        85825        1        85825   
   80.7      11154      100000       1        85921        1        85921   
   80.8      11184      100000       1        86083        1        86083   
   80.9      11247      100000       1        85991        1        85991   
   81.0      11444      100000       1        85693        1        85693   
   81.1      11475      100000       1        85627        1        85627   
   81.2      11378      100000       1        85718        1        85718   
   81.3      11507      100000       1        85520        1        85520   
   81.4      11549      100000       1        85459        1        85459   
   81.5      11628      100000       1        85423        1        85423   
   81.6      11554      100000       1        85449        1        85449   
   81.7      11670      100000       1        85325        1        85325   
   81.8      11508      100000       1        85565        1        85565   
   81.9      11418      100000       2        85523        1        85501   
   82.0      11366      100000       1        85648        1        85648   
   82.1      11467      100000       1        85561        1        85561   
   82.2      11655      100000       1        85450        1        85450   
   82.3      11409      100000       1        85654        1        85654   
   82.4      11391      100000       1        85673        1        85673   
   82.5      11525      100000       1        85446        1        85446   
   82.6      11509      100000       1        85401        1        85401   
   82.7      11575      100000       1        85388        1        85388   
   82.8      11620      100000       1        85331        1        85331   
   82.9      11600      100000       1        85318        1        85318   
   83.0      11647      100000       1        85313        1        85313   
   83.1      11694      100000       1        85417        1        85417   
   83.2      11508      100000       1        85564        1        85564   
   83.3      11524      100000       1        85508        1        85508   
   83.4      11549      100000       1        85559        1        85559   
   83.5      11360      100000       1        85797        1        85797   
   83.6      11340      100000       1        85759        1        85759   
   83.7      11330      100000       1        85859        1        85859   
   83.8      11369      100000       1        85956        1        85956   
   83.9      11278      100000       1        85917        1        85917   
   84.0      11363      100000       1        85749        1        85749   
   84.1      11307      100000       1        85818        1        85818   
   84.2      11384      100000       1        85649        1        85649   
   84.3      11497      100000       1        85512        1        85512   
   84.4      11627      100000       2        85311        1        85290   
   84.5      11683      100000       1        85099        1        85099   
   84.6      11973      100000       1        84935        1        84935   
   84.7      11989      100000       1        84746        1        84746   
   84.8      12045      100000       1        84602        1        84602   
   84.9      12073      100000       1        84524        1        84524   
   85.0      12057      100000       1        84569        1        84569   
   85.1      12067      100000       1        84516        1        84516   
   85.2      11937      100000       1        84855        1        84855   
   85.3      11775      100000       1        85082        1        85082   
   85.4      11476      100000       1        85463        1        85463   
   85.5      11414      100000       1        85547        1        85547   
   85.6      11401      100000       1        85550        1        85550   
   85.7      11422      100000       1        85567        1        85567   
   85.8      11562      100000       1        85436        1        85436   
   85.9      11687      100000       1        85388        1        85388   
   86.0      11717      100000       1        85229        1        85229   
   86.1      11781      100000       1        85159        1        85159   
   86.2      11710      100000       1        85163        1        85163   
   86.3      11690      100000       1        85169        1        85169   
   86.4      11652      100000       1        85180        1        85180   
   86.5      11669      100000       1        85254        1        85254   
   86.6      11517      100000       1        85506        1        85506   
   86.7      11490      100000       1        85633        1        85633   
   86.8      11408      100000       1        85756        1        85756   
   86.9      11303      100000       1        85842        1        85842   
   87.0      11427      100000       1        85734        1        85734   
   87.1      11344      100000       1        85677        1        85677   
   87.2      11376      100000       1        85824        1        85824   
   87.3      11301      100000       1        85786        1        85786   
   87.4      11347      100000       1        85787        1        85787   
   87.5      11352      100000       1        85729        1        85729   
   87.6      11553      100000       1        85517        1        85517   
   87.7      11563      100000       1        85501        1        85501   
   87.8      11608      100000       1        85385        1        85385   
   87.9      11592      100000       1        85332        1        85332   
   88.0      11515      100000       1        85453        1        85453   
   88.1      11653      100000       1        85314        1        85314   
   88.2      11651      100000       1        85168        1        85168   
   88.3      11867      100000       1        84906        1        84906   
   88.4      11896      100000       1        84857        1        84857   
   88.5      11826      100000       1        84977        1        84977   
   88.6      11734      100000       1        85029        1        85029   
   88.7      11792      100000       1        85183        1        85183   
   88.8      11633      100000       1        85333        1        85333   
   88.9      11717      100000       1        85348        1        85348   
   89.0      11600      100000       1        85361        1        85361   
   89.1      11561      100000       1        85432        1        85432   
   89.2      11577      100000       1        85496        1        85496   
   89.3      11565      100000       1        85515        1        85515   
   89.4      11439      100000       1        85621        1        85621   
   89.5      11394      100000       1        85813        1        85813   
   89.6      11313      100000       1        85721        1        85721   
   89.7      11490      100000       1        85532        1        85532   
   89.8      11593      100000       1        85439        1        85439   
   89.9      11674      100000       1        85214        1        85214   
   90.0      11668      100000       1        85185        1        85185   
   90.1      11808      100000       1        85006        1        85006   
   90.2      11872      100000       1        85009        1        85009   
   90.3      11735      100000       1        85118        1        85118   
   90.4      11900      100000       1        85025        1        85025   
   90.5      11832      100000       1        84918        1        84918   
   90.6      11844      100000       1        84750        1        84750   
   90.7      12081      100000       1        84551        1        84551   
   90.8      12201      100000       1        84483        1        84483   
   90.9      12146      100000       1        84539        1        84539   
   91.0      12018      100000       1        84638        1        84638   
   91.1      11966      100000       1        84729        1        84729   
   91.2      11958      100000       1        84868        1        84868   
   91.3      11782      100000       1        85010        1        85010   
   91.4      11703      100000       1        85122        1        85122   
   91.5      11734      100000       1        85020        1        85020   
   91.6      11775      100000       1        85188        1        85188   
   91.7      11779      100000       1        85264        1        85264   
   91.8      11736      100000       1        85063        1        85063   
   91.9      11651      100000       1        85194        1        85194   
   92.0      11643      100000       1        85295        1        85295   
   92.1      11529      100000       1        85287        1        85287   
   92.2      11682      100000       1        85227        1        85227   
   92.3      11656      100000       1        85253        1        85253   
   92.4      11708      100000       1        85152        1        85152   
   92.5      11823      100000       1        84985        1        84985   
   92.6      11874      100000       1        84875        1        84875   
   92.7      11879      100000       1        84771        1        84771   
   92.8      11932      100000       1        84660        1        84660   
   92.9      11936      100000       1        84810        1        84810   
   93.0      11895      100000       1        84837        1        84837   
   93.1      11716      100000       1        85090        1        85090   
   93.2      11712      100000       1        85284        1        85284   
   93.3      11621      100000       1        85376        1        85376   
   93.4      11701      100000       1        85294        1        85294   
   93.5      11599      100000       2        85103        1        85082   
   93.6      11683      100000       1        85363        1        85363   
   93.7      11593      100000       1        85324        1        85324   
   93.8      11704      100000       1        85114        1        85114   
   93.9      11769      100000       1        85115        1        85115   
   94.0      11670      100000       1        85355        1        85355   
   94.1      11559      100000       1        85321        1        85321   
   94.2      11839      100000       1        84916        1        84916   
   94.3      11981      100000       1        84637        1        84637   
   94.4      12119      100000       1        84547        1        84547   
   94.5      12070      100000       1        84432        1        84432   
   94.6      12184      100000       1        84477        1        84477   
   94.7      12065      100000       1        84567        1        84567   
   94.8      12012      100000       1        84651        1        84651   
   94.9      11972      100000       1        84557        1        84557   
   95.0      12280      100000       1        84173        1        84173   
   95.1      12246      100000       1        84131        1        84131   
   95.2      12222      100000       1        84283        1        84283   
   95.3      12055      100000       1        84509        1        84509   
   95.4      11985      100000       1        84872        1        84872   
   95.5      11701      100000       1        85211        1        85211   
   95.6      11503      100000       1        85620        1        85620   
   95.7      11370      100000       1        85789        1        85789   
   95.8      11249      100000       1        85860        1        85860   
   95.9      11335      100000       1        85739        1        85739   
   96.0      11639      100000       1        85463        1        85463   
   96.1      11603      100000       1        85402        1        85402   
   96.2      11671      100000       1        85174        1        85174   
   96.3      11845      100000       1        85055        1        85055   
   96.4      11836      100000       1        84994        1        84994   
   96.5      11773      100000       1        85151        1        85151   
   96.6      11681      100000       1        85167        1        85167   
   96.7      11717      100000       1        85237        1        85237   
   96.8      11630      100000       1        85106        1        85106   
   96.9      11802      100000       1        85033        1        85033   
   97.0      11641      100000       1        85208        1        85208   
   97.1      11579      100000       1        85390        1        85390   
   97.2      11413      100000       1        85686        1        85686   
   97.3      11474      100000       1        85571        1        85571   
   97.4      11479      100000       1        85585        1        85585   
   97.5      11452      100000       1        85552        1        85552   
   97.6      11685      100000       1        85353        1        85353   
   97.7      11764      100000       1        85189        1        85189   
   97.8      11645      100000       1        85233        1        85233   
   97.9      11802      100000       1        85096        1        85096   
   98.0      11704      100000       1        85100        1        85100   
   98.1      11830      100000       1        85038        1        85038   
   98.2      11712      100000       1        85173        1        85173   
   98.3      11571      100000       1        85453        1        85453   
   98.4      11546      100000       1        85435        1        85435   
   98.5      11571      100000       1        85536        1        85536   
   98.6      11638      100000       1        85354        1        85354   
   98.7      11587      100000       1        85440        1        85440   
   98.8      11479      100000       1        85559        1        85559   
   98.9      11385      100000       1        85666        1        85666   
   99.0      11433      100000       1        85710        1        85710   
   99.1      11368      100000       1        85666        1        85666   
   99.2      11484      100000       1        85661        1        85661   
   99.3      11286      100000       1        85823        1        85823   
   99.4      11225      100000       1        85987        1        85987   
   99.5      11236      100000       1        85871        1        85871   
   99.6      11438      100000       1        85701        1        85701   
   99.7      11383      100000       1        85623        1        85623   
   99.8      11497      100000       1        85448        1        85448   
   99.9      11654      100000       1        85385        1        85385   
