 Timestep   N_clusts  all_parts  thr_clusts thr_parts 
   0.0       87752      100000       0          0     
   0.1       16341      100000      695       64356   
   0.2       16557      100000      684       64037   
   0.3       16778      100000      648       63011   
   0.4       16660      100000      692       63657   
   0.5       16681      100000      659       63088   
   0.6       16493      100000      679       63659   
   0.7       16617      100000      703       63616   
   0.8       16811      100000      681       63514   
   0.9       16638      100000      650       63522   
   1.0       16758      100000      693       63005   
   1.1       16690      100000      696       63306   
   1.2       16692      100000      644       63232   
   1.3       16586      100000      696       63689   
   1.4       16875      100000      701       63252   
   1.5       16589      100000      637       62961   
   1.6       16766      100000      703       62998   
   1.7       16952      100000      674       62670   
   1.8       17180      100000      658       62001   
   1.9       17284      100000      689       61969   
   2.0       17698      100000      655       60716   
   2.1       17579      100000      626       61032   
   2.2       17663      100000      645       60598   
   2.3       17907      100000      612       59788   
   2.4       18497      100000      605       58887   
   2.5       18466      100000      578       59038   
   2.6       18995      100000      567       57399   
   2.7       19141      100000      530       56950   
   2.8       19232      100000      552       57867   
   2.9       19819      100000      492       55688   
   3.0       20067      100000      462       55357   
   3.1       20307      100000      451       55246   
   3.2       20718      100000      389       54668   
   3.3       20731      100000      351       55290   
   3.4       20797      100000      296       55101   
   3.5       21210      100000      231       55627   
   3.6       21019      100000      192       57762   
   3.7       20900      100000      122       57864   
   3.8       20931      100000       91       59966   
   3.9       20515      100000       57       62049   
   4.0       19986      100000       27       64289   
   4.1       19151      100000       21       67122   
   4.2       18495      100000       9        69370   
   4.3       17983      100000       5        71883   
   4.4       17082      100000       3        74151   
   4.5       16263      100000       2        76234   
   4.6       15400      100000       2        78289   
   4.7       14470      100000       3        80024   
   4.8       13674      100000       2        81554   
   4.9       13088      100000       2        82865   
   5.0       12263      100000       2        84081   
   5.1       11897      100000       2        85057   
   5.2       11406      100000       2        85748   
   5.3       11047      100000       2        86169   
   5.4       10689      100000       2        86741   
   5.5       10572      100000       1        86924   
   5.6       10461      100000       1        87187   
   5.7       10344      100000       1        87170   
   5.8       10383      100000       1        87044   
   5.9       10638      100000       1        86838   
   6.0       10742      100000       1        86538   
   6.1       10902      100000       1        86412   
   6.2       10859      100000       1        86390   
   6.3       11266      100000       1        85852   
   6.4       11488      100000       1        85626   
   6.5       11413      100000       1        85552   
   6.6       11455      100000       2        85547   
   6.7       11413      100000       2        85734   
   6.8       11245      100000       2        85825   
   6.9       11303      100000       2        85688   
   7.0       11488      100000       2        85456   
   7.1       11605      100000       2        85144   
   7.2       11717      100000       2        85108   
   7.3       11633      100000       1        85137   
   7.4       11784      100000       1        84918   
   7.5       12034      100000       2        84549   
   7.6       12069      100000       2        84594   
   7.7       11938      100000       2        84515   
   7.8       11972      100000       2        84676   
   7.9       12061      100000       2        84654   
   8.0       12046      100000       2        84585   
   8.1       12010      100000       3        84645   
   8.2       12031      100000       2        84614   
   8.3       12054      100000       2        84494   
   8.4       12090      100000       2        84615   
   8.5       11927      100000       1        84809   
   8.6       11975      100000       2        84758   
   8.7       11874      100000       2        84819   
   8.8       12004      100000       2        84503   
   8.9       12146      100000       2        84429   
   9.0       12075      100000       2        84387   
   9.1       12095      100000       2        84349   
   9.2       12067      100000       2        84477   
   9.3       11957      100000       2        84765   
   9.4       12024      100000       3        84581   
   9.5       11908      100000       2        84819   
   9.6       11967      100000       3        84836   
   9.7       11887      100000       2        84691   
   9.8       11963      100000       2        84627   
   9.9       12009      100000       2        84571   
   10.0      11968      100000       2        84844   
   10.1      11815      100000       2        85064   
   10.2      11865      100000       2        84943   
   10.3      12019      100000       3        84643   
   10.4      12243      100000       2        84362   
   10.5      12223      100000       2        84372   
   10.6      12196      100000       2        84353   
   10.7      12103      100000       2        84485   
   10.8      12106      100000       2        84380   
   10.9      12320      100000       2        84274   
   11.0      12254      100000       2        84175   
   11.1      12192      100000       2        84302   
   11.2      12206      100000       2        84368   
   11.3      12174      100000       2        84489   
   11.4      12067      100000       2        84567   
   11.5      11890      100000       2        84816   
   11.6      11746      100000       2        84947   
   11.7      11817      100000       2        84938   
   11.8      11906      100000       3        84847   
   11.9      11944      100000       2        84716   
   12.0      12015      100000       2        84729   
   12.1      11952      100000       3        84553   
   12.2      12179      100000       2        84051   
   12.3      12362      100000       1        83906   
   12.4      12238      100000       1        84085   
   12.5      12232      100000       2        84260   
   12.6      12067      100000       1        84575   
   12.7      11963      100000       1        84794   
   12.8      11673      100000       1        85251   
   12.9      11646      100000       1        85351   
   13.0      11543      100000       1        85526   
   13.1      11333      100000       1        85836   
   13.2      11208      100000       1        86050   
   13.3      10977      100000       1        86343   
   13.4      10915      100000       1        86417   
   13.5      10981      100000       1        86497   
   13.6      10845      100000       1        86471   
   13.7      10939      100000       1        86525   
   13.8      10903      100000       1        86367   
   13.9      10926      100000       1        86308   
   14.0      10983      100000       1        86377   
   14.1      10888      100000       1        86241   
   14.2      11229      100000       1        86047   
   14.3      11206      100000       1        85911   
   14.4      11191      100000       1        86023   
   14.5      11126      100000       1        86081   
   14.6      11236      100000       1        85979   
   14.7      11260      100000       1        85841   
   14.8      11446      100000       1        85673   
   14.9      11305      100000       1        85732   
   15.0      11405      100000       1        85652   
   15.1      11422      100000       1        85547   
   15.2      11367      100000       1        85637   
   15.3      11307      100000       1        85857   
   15.4      11270      100000       1        85845   
   15.5      11125      100000       1        86160   
   15.6      10972      100000       1        86408   
   15.7      10932      100000       1        86403   
   15.8      10898      100000       1        86428   
   15.9      10725      100000       1        86695   
   16.0      10674      100000       1        86695   
   16.1      10813      100000       1        86518   
   16.2      10952      100000       1        86411   
   16.3      11036      100000       1        86412   
   16.4      10886      100000       1        86592   
   16.5      10722      100000       1        86697   
   16.6      10585      100000       1        86968   
   16.7      10520      100000       1        87087   
   16.8      10397      100000       1        87297   
   16.9      10206      100000       1        87541   
   17.0      10214      100000       1        87588   
   17.1      10337      100000       1        87357   
   17.2      10398      100000       1        87275   
   17.3      10336      100000       1        87347   
   17.4      10502      100000       1        87227   
   17.5      10471      100000       1        87009   
   17.6      10557      100000       1        86893   
   17.7      10802      100000       1        86682   
   17.8      10858      100000       1        86503   
   17.9      10995      100000       1        86339   
   18.0      11269      100000       1        85976   
   18.1      11328      100000       1        85796   
   18.2      11468      100000       1        85467   
   18.3      11721      100000       1        85070   
   18.4      11882      100000       1        84875   
   18.5      12001      100000       1        84673   
   18.6      12082      100000       1        84502   
   18.7      12038      100000       1        84545   
   18.8      12051      100000       1        84692   
   18.9      12059      100000       1        84652   
   19.0      11941      100000       1        84801   
   19.1      11744      100000       1        84976   
   19.2      11681      100000       1        85183   
   19.3      11590      100000       1        85382   
   19.4      11302      100000       1        85863   
   19.5      11167      100000       1        86108   
   19.6      11202      100000       1        86073   
   19.7      11170      100000       1        86062   
   19.8      11113      100000       1        86175   
   19.9      11004      100000       1        86351   
   20.0      10746      100000       1        86649   
   20.1      10638      100000       1        86900   
   20.2      10715      100000       1        86791   
   20.3      10722      100000       1        86657   
   20.4      10774      100000       1        86589   
   20.5      10755      100000       1        86739   
   20.6      10669      100000       1        86878   
   20.7      10635      100000       1        86932   
   20.8      10569      100000       1        87064   
   20.9      10569      100000       1        86875   
   21.0      10734      100000       1        86757   
   21.1      10845      100000       1        86540   
   21.2      10997      100000       1        86284   
   21.3      11152      100000       1        86099   
   21.4      11173      100000       1        85984   
   21.5      11215      100000       1        86000   
   21.6      11171      100000       1        86023   
   21.7      11046      100000       1        86208   
   21.8      10884      100000       1        86399   
   21.9      10928      100000       1        86322   
   22.0      10971      100000       1        86301   
   22.1      11097      100000       1        86216   
   22.2      11225      100000       1        86027   
   22.3      11209      100000       1        85972   
   22.4      11270      100000       1        85901   
   22.5      11202      100000       1        86045   
   22.6      11129      100000       1        85970   
   22.7      11237      100000       1        85920   
   22.8      11028      100000       1        86176   
   22.9      11018      100000       1        86316   
   23.0      10905      100000       1        86443   
   23.1      10750      100000       1        86722   
   23.2      10654      100000       1        86898   
   23.3      10665      100000       1        86736   
   23.4      10707      100000       1        86817   
   23.5      10597      100000       1        86917   
   23.6      10725      100000       1        86782   
   23.7      10761      100000       1        86621   
   23.8      10852      100000       1        86491   
   23.9      11117      100000       1        86120   
   24.0      11141      100000       1        86079   
   24.1      11089      100000       1        86127   
   24.2      10977      100000       1        86079   
   24.3      11139      100000       1        86110   
   24.4      11386      100000       1        85925   
   24.5      11210      100000       1        85924   
   24.6      11256      100000       1        85943   
   24.7      11347      100000       1        85703   
   24.8      11583      100000       1        85477   
   24.9      11700      100000       1        85294   
   25.0      11587      100000       1        85427   
   25.1      11497      100000       1        85433   
   25.2      11303      100000       1        85771   
   25.3      11279      100000       1        85949   
   25.4      11348      100000       1        85773   
   25.5      11404      100000       1        85825   
   25.6      11431      100000       1        85660   
   25.7      11255      100000       1        85812   
   25.8      11303      100000       1        85883   
   25.9      11158      100000       1        86087   
   26.0      11169      100000       1        86047   
   26.1      11332      100000       1        85856   
   26.2      11427      100000       1        85728   
   26.3      11426      100000       1        85580   
   26.4      11411      100000       1        85631   
   26.5      11315      100000       1        85892   
   26.6      11085      100000       1        86035   
   26.7      11133      100000       1        85985   
   26.8      11241      100000       1        85935   
   26.9      11172      100000       1        86056   
   27.0      11256      100000       1        86051   
   27.1      11297      100000       1        85800   
   27.2      11273      100000       1        85821   
   27.3      11354      100000       1        85687   
   27.4      11511      100000       1        85440   
   27.5      11509      100000       1        85534   
   27.6      11502      100000       1        85568   
   27.7      11427      100000       1        85583   
   27.8      11343      100000       1        85665   
   27.9      11220      100000       1        85841   
   28.0      11359      100000       1        85622   
   28.1      11536      100000       1        85357   
   28.2      11531      100000       1        85362   
   28.3      11533      100000       1        85524   
   28.4      11489      100000       1        85580   
   28.5      11396      100000       1        85775   
   28.6      11322      100000       1        85774   
   28.7      11326      100000       1        85819   
   28.8      11253      100000       1        85836   
   28.9      11380      100000       1        85638   
   29.0      11487      100000       1        85526   
   29.1      11499      100000       1        85513   
   29.2      11367      100000       1        85621   
   29.3      11443      100000       1        85601   
   29.4      11583      100000       1        85172   
   29.5      11829      100000       1        84996   
   29.6      11878      100000       1        84812   
   29.7      11884      100000       1        84819   
   29.8      11876      100000       1        84877   
   29.9      11816      100000       1        85123   
   30.0      11468      100000       1        85269   
   30.1      11467      100000       1        85501   
   30.2      11342      100000       1        85768   
   30.3      11239      100000       1        85907   
   30.4      11183      100000       1        86052   
   30.5      11049      100000       1        86280   
   30.6      11032      100000       1        86325   
   30.7      11011      100000       1        86291   
   30.8      10933      100000       1        86453   
   30.9      10927      100000       1        86453   
   31.0      10810      100000       1        86562   
   31.1      10912      100000       1        86543   
   31.2      10938      100000       1        86421   
   31.3      10998      100000       2        86258   
   31.4      11079      100000       1        86133   
   31.5      11160      100000       1        85914   
   31.6      11359      100000       1        85626   
   31.7      11482      100000       1        85456   
   31.8      11580      100000       1        85323   
   31.9      11483      100000       1        85433   
   32.0      11350      100000       1        85792   
   32.1      11233      100000       1        85924   
   32.2      11163      100000       1        85966   
   32.3      11329      100000       1        85782   
   32.4      11405      100000       1        85696   
   32.5      11341      100000       1        85569   
   32.6      11472      100000       1        85613   
   32.7      11324      100000       1        85803   
   32.8      11166      100000       1        86154   
   32.9      11035      100000       1        86371   
   33.0      10800      100000       1        86570   
   33.1      10866      100000       1        86468   
   33.2      10959      100000       1        86550   
   33.3      10834      100000       1        86521   
   33.4      10848      100000       1        86546   
   33.5      10985      100000       1        86506   
   33.6      11136      100000       1        86207   
   33.7      11243      100000       1        85928   
   33.8      11323      100000       1        85750   
   33.9      11444      100000       1        85637   
   34.0      11386      100000       1        85662   
   34.1      11299      100000       1        85779   
   34.2      11266      100000       1        85791   
   34.3      11340      100000       1        85891   
   34.4      11098      100000       1        86143   
   34.5      10962      100000       1        86141   
   34.6      11005      100000       1        86237   
   34.7      10993      100000       1        86267   
   34.8      11094      100000       1        86053   
   34.9      11265      100000       1        85778   
   35.0      11406      100000       1        85738   
   35.1      11524      100000       1        85609   
   35.2      11361      100000       1        85893   
   35.3      11238      100000       1        86009   
   35.4      11219      100000       1        86044   
   35.5      11127      100000       1        86162   
   35.6      10943      100000       1        86221   
   35.7      11117      100000       1        86133   
   35.8      11109      100000       1        86049   
   35.9      11401      100000       1        85664   
   36.0      11509      100000       1        85492   
   36.1      11571      100000       1        85280   
   36.2      11926      100000       1        84997   
   36.3      11859      100000       1        85082   
   36.4      11524      100000       1        85389   
   36.5      11481      100000       1        85540   
   36.6      11362      100000       1        85762   
   36.7      11256      100000       1        85764   
   36.8      11451      100000       1        85691   
   36.9      11320      100000       1        85872   
   37.0      11274      100000       1        85933   
   37.1      11157      100000       1        86027   
   37.2      11104      100000       1        86111   
   37.3      11138      100000       1        86005   
   37.4      11046      100000       1        86219   
   37.5      10916      100000       1        86393   
   37.6      10798      100000       1        86656   
   37.7      10682      100000       1        86825   
   37.8      10522      100000       1        87028   
   37.9      10480      100000       1        87023   
   38.0      10558      100000       1        87010   
   38.1      10528      100000       1        87041   
   38.2      10557      100000       2        86906   
   38.3      10536      100000       1        86791   
   38.4      10828      100000       1        86544   
   38.5      11133      100000       1        86146   
   38.6      11286      100000       1        85766   
   38.7      11505      100000       1        85622   
   38.8      11495      100000       1        85393   
   38.9      11686      100000       1        85332   
   39.0      11767      100000       1        85326   
   39.1      11515      100000       1        85592   
   39.2      11390      100000       1        85735   
   39.3      11190      100000       1        86025   
   39.4      11213      100000       1        86058   
   39.5      11183      100000       1        86114   
   39.6      11118      100000       1        86092   
   39.7      11137      100000       1        86045   
   39.8      11229      100000       1        85991   
   39.9      11065      100000       1        86131   
   40.0      11148      100000       1        86091   
   40.1      11041      100000       1        86347   
   40.2      10964      100000       1        86600   
   40.3      10982      100000       1        86488   
   40.4      10798      100000       1        86587   
   40.5      10841      100000       1        86653   
   40.6      10733      100000       1        86612   
   40.7      10992      100000       1        86284   
   40.8      11137      100000       1        86032   
   40.9      11233      100000       1        85956   
   41.0      11201      100000       1        85916   
   41.1      11356      100000       1        85720   
   41.2      11255      100000       1        85777   
   41.3      11376      100000       1        85720   
   41.4      11354      100000       1        85788   
   41.5      11248      100000       1        85883   
   41.6      11164      100000       1        85934   
   41.7      11237      100000       1        85765   
   41.8      11454      100000       1        85666   
   41.9      11377      100000       1        85719   
   42.0      11324      100000       1        85871   
   42.1      11320      100000       1        85858   
   42.2      11246      100000       1        86001   
   42.3      11112      100000       1        86102   
   42.4      11136      100000       2        86097   
   42.5      11186      100000       1        86072   
   42.6      11167      100000       1        86072   
   42.7      11264      100000       1        85931   
   42.8      11253      100000       1        85831   
   42.9      11355      100000       1        85786   
   43.0      11215      100000       1        85880   
   43.1      11441      100000       1        85621   
   43.2      11391      100000       1        85657   
   43.3      11298      100000       1        85720   
   43.4      11311      100000       1        85680   
   43.5      11470      100000       1        85592   
   43.6      11411      100000       1        85590   
   43.7      11359      100000       1        85575   
   43.8      11479      100000       1        85705   
   43.9      11410      100000       1        85748   
   44.0      11223      100000       1        85808   
   44.1      11298      100000       1        85945   
   44.2      11138      100000       1        86109   
   44.3      11105      100000       1        86137   
   44.4      11095      100000       1        86159   
   44.5      11082      100000       1        86280   
   44.6      10997      100000       1        86199   
   44.7      10971      100000       1        86322   
   44.8      10888      100000       1        86373   
   44.9      10883      100000       1        86581   
   45.0      10906      100000       1        86628   
   45.1      10874      100000       1        86408   
   45.2      11077      100000       1        86191   
   45.3      11172      100000       1        86149   
   45.4      11211      100000       1        86095   
   45.5      11032      100000       1        86393   
   45.6      10971      100000       1        86301   
   45.7      10989      100000       1        86226   
   45.8      11238      100000       1        85826   
   45.9      11306      100000       1        85795   
   46.0      11387      100000       1        85595   
   46.1      11427      100000       1        85615   
   46.2      11405      100000       1        85617   
   46.3      11371      100000       1        85768   
   46.4      11319      100000       1        85936   
   46.5      11132      100000       1        86345   
   46.6      10830      100000       1        86471   
   46.7      10862      100000       1        86419   
   46.8      10939      100000       1        86318   
   46.9      11000      100000       1        86299   
   47.0      11047      100000       1        86191   
   47.1      11062      100000       1        86152   
   47.2      11234      100000       1        85943   
   47.3      11278      100000       1        85924   
   47.4      11263      100000       1        85959   
   47.5      11097      100000       1        86072   
   47.6      11259      100000       1        85970   
   47.7      11208      100000       1        86016   
   47.8      11072      100000       1        86012   
   47.9      11115      100000       1        86162   
   48.0      10929      100000       1        86396   
   48.1      10660      100000       1        86866   
   48.2      10494      100000       1        87123   
   48.3      10431      100000       1        87146   
   48.4      10561      100000       2        87063   
   48.5      10492      100000       1        86993   
   48.6      10433      100000       1        87144   
   48.7      10408      100000       1        87266   
   48.8      10309      100000       1        87365   
   48.9      10257      100000       1        87492   
   49.0      10358      100000       1        87357   
   49.1      10412      100000       1        87161   
   49.2      10707      100000       1        86739   
   49.3      10843      100000       1        86441   
   49.4      10927      100000       1        86270   
   49.5      11110      100000       1        86192   
   49.6      11126      100000       1        86221   
   49.7      10985      100000       1        86356   
   49.8      11008      100000       1        86217   
   49.9      11053      100000       1        86121   
   50.0      11206      100000       1        85985   
   50.1      11287      100000       1        85979   
   50.2      11099      100000       1        86081   
   50.3      11153      100000       1        86112   
   50.4      11072      100000       1        86253   
   50.5      11089      100000       1        86120   
   50.6      11002      100000       2        86098   
   50.7      11229      100000       1        86071   
   50.8      11081      100000       1        86134   
   50.9      11109      100000       1        86250   
   51.0      11095      100000       1        86132   
   51.1      11137      100000       1        86051   
   51.2      11217      100000       1        85985   
   51.3      11300      100000       1        85931   
   51.4      11286      100000       1        85951   
   51.5      11167      100000       1        86017   
   51.6      11260      100000       1        86049   
   51.7      11220      100000       1        85877   
   51.8      11256      100000       1        85851   
   51.9      11532      100000       1        85492   
   52.0      11619      100000       1        85317   
   52.1      11732      100000       1        85136   
   52.2      11720      100000       1        85021   
   52.3      11894      100000       2        84854   
   52.4      11874      100000       1        84959   
   52.5      11794      100000       1        84909   
   52.6      12069      100000       1        84810   
   52.7      11857      100000       1        84930   
   52.8      11764      100000       1        85023   
   52.9      11627      100000       1        85297   
   53.0      11534      100000       1        85470   
   53.1      11409      100000       1        85648   
   53.2      11396      100000       1        85811   
   53.3      11154      100000       1        85962   
   53.4      11181      100000       1        85998   
   53.5      11371      100000       2        85902   
   53.6      11410      100000       1        85658   
   53.7      11439      100000       1        85661   
   53.8      11477      100000       1        85449   
   53.9      11643      100000       1        85295   
   54.0      11797      100000       1        85068   
   54.1      11702      100000       1        85256   
   54.2      11500      100000       1        85392   
   54.3      11579      100000       1        85459   
   54.4      11485      100000       1        85524   
   54.5      11405      100000       1        85624   
   54.6      11498      100000       1        85571   
   54.7      11399      100000       1        85522   
   54.8      11415      100000       1        85610   
   54.9      11354      100000       1        85744   
   55.0      11213      100000       1        85928   
   55.1      11230      100000       1        85978   
   55.2      11182      100000       1        86047   
   55.3      11247      100000       1        85996   
   55.4      11323      100000       1        85903   
   55.5      11164      100000       1        86060   
   55.6      11134      100000       1        86225   
   55.7      10959      100000       1        86393   
   55.8      10886      100000       1        86475   
   55.9      11007      100000       1        86242   
   56.0      11099      100000       1        86075   
   56.1      11335      100000       1        85805   
   56.2      11355      100000       1        85733   
   56.3      11295      100000       1        85869   
   56.4      11173      100000       1        86020   
   56.5      11171      100000       1        86087   
   56.6      11075      100000       1        86085   
   56.7      11047      100000       1        86166   
   56.8      11079      100000       1        86291   
   56.9      11014      100000       1        86266   
   57.0      11061      100000       1        86240   
   57.1      11008      100000       1        86403   
   57.2      10711      100000       1        86748   
   57.3      10645      100000       1        86843   
   57.4      10573      100000       1        86977   
   57.5      10603      100000       1        86866   
   57.6      10803      100000       1        86723   
   57.7      10745      100000       1        86637   
   57.8      11015      100000       1        86346   
   57.9      11168      100000       1        86015   
   58.0      11369      100000       1        85830   
   58.1      11520      100000       1        85583   
   58.2      11550      100000       1        85293   
   58.3      11693      100000       1        85235   
   58.4      11425      100000       1        85487   
   58.5      11537      100000       1        85465   
   58.6      11531      100000       1        85538   
   58.7      11369      100000       1        85729   
   58.8      11363      100000       1        85805   
   58.9      11364      100000       1        85749   
   59.0      11090      100000       1        86126   
   59.1      11030      100000       1        86422   
   59.2      10734      100000       1        86804   
   59.3      10517      100000       1        86965   
   59.4      10535      100000       1        86993   
   59.5      10572      100000       1        86963   
   59.6      10554      100000       1        87010   
   59.7      10570      100000       1        87016   
   59.8      10614      100000       1        86905   
   59.9      10629      100000       1        86961   
   60.0      10700      100000       1        86854   
   60.1      10689      100000       1        86841   
   60.2      10648      100000       1        86881   
   60.3      10613      100000       1        86894   
   60.4      10671      100000       1        86907   
   60.5      10847      100000       1        86733   
   60.6      10884      100000       1        86446   
   60.7      11019      100000       1        86370   
   60.8      10843      100000       1        86394   
   60.9      10905      100000       1        86413   
   61.0      11001      100000       1        86358   
   61.1      11036      100000       1        86279   
   61.2      11173      100000       1        86114   
   61.3      11110      100000       1        86204   
   61.4      11111      100000       1        86188   
   61.5      11127      100000       1        86021   
   61.6      11273      100000       1        85835   
   61.7      11391      100000       1        85660   
   61.8      11342      100000       1        85706   
   61.9      11361      100000       1        85768   
   62.0      11479      100000       1        85653   
   62.1      11247      100000       1        85851   
   62.2      11295      100000       1        85813   
   62.3      11592      100000       1        85467   
   62.4      11527      100000       1        85415   
   62.5      11642      100000       1        85345   
   62.6      11573      100000       1        85460   
   62.7      11427      100000       1        85586   
   62.8      11405      100000       1        85712   
   62.9      11357      100000       1        85690   
   63.0      11338      100000       1        85851   
   63.1      11157      100000       1        85983   
   63.2      11253      100000       1        85895   
   63.3      11105      100000       1        85970   
   63.4      10961      100000       1        86168   
   63.5      11128      100000       1        86186   
   63.6      11128      100000       1        86048   
   63.7      11109      100000       1        86036   
   63.8      11170      100000       1        86024   
   63.9      11136      100000       1        86128   
   64.0      11160      100000       1        85937   
   64.1      11226      100000       1        85961   
   64.2      11319      100000       1        85914   
   64.3      11133      100000       1        85986   
   64.4      11047      100000       1        86193   
   64.5      10830      100000       1        86516   
   64.6      10705      100000       1        86681   
   64.7      10737      100000       1        86811   
   64.8      10641      100000       1        86950   
   64.9      10707      100000       1        86703   
   65.0      10867      100000       1        86487   
   65.1      10761      100000       1        86726   
   65.2      10690      100000       1        86743   
   65.3      10803      100000       1        86698   
   65.4      10645      100000       1        86770   
   65.5      10712      100000       1        86806   
   65.6      10754      100000       1        86582   
   65.7      10945      100000       1        86162   
   65.8      11063      100000       1        86160   
   65.9      11112      100000       1        86117   
   66.0      11151      100000       1        86086   
   66.1      11222      100000       1        85935   
   66.2      11191      100000       1        85966   
   66.3      11225      100000       1        86025   
   66.4      11023      100000       1        86176   
   66.5      10859      100000       1        86466   
   66.6      10865      100000       1        86656   
   66.7      10869      100000       1        86587   
   66.8      10917      100000       1        86476   
   66.9      10971      100000       1        86397   
   67.0      11027      100000       1        86142   
   67.1      11436      100000       1        85624   
   67.2      11377      100000       1        85653   
   67.3      11421      100000       1        85585   
   67.4      11479      100000       1        85619   
   67.5      11254      100000       1        85743   
   67.6      11204      100000       1        85935   
   67.7      11350      100000       1        85871   
   67.8      11427      100000       1        85604   
   67.9      11512      100000       1        85406   
   68.0      11633      100000       1        85384   
   68.1      11633      100000       1        85236   
   68.2      11756      100000       1        85165   
   68.3      11735      100000       1        85089   
   68.4      11812      100000       1        84919   
   68.5      12078      100000       1        84613   
   68.6      11959      100000       1        84736   
   68.7      11899      100000       1        84811   
   68.8      11935      100000       1        84841   
   68.9      11830      100000       1        85140   
   69.0      11514      100000       1        85443   
   69.1      11410      100000       1        85688   
   69.2      11322      100000       1        85877   
   69.3      11058      100000       1        86191   
   69.4      10960      100000       1        86372   
   69.5      10892      100000       1        86561   
   69.6      10817      100000       1        86530   
   69.7      10905      100000       1        86427   
   69.8      11058      100000       1        86350   
   69.9      11161      100000       1        86152   
   70.0      11148      100000       1        86034   
   70.1      11234      100000       1        85939   
   70.2      11267      100000       1        85792   
   70.3      11540      100000       1        85463   
   70.4      11553      100000       1        85521   
   70.5      11470      100000       2        85553   
   70.6      11351      100000       1        85608   
   70.7      11413      100000       1        85581   
   70.8      11425      100000       1        85602   
   70.9      11627      100000       1        85247   
   71.0      11680      100000       1        85226   
   71.1      11705      100000       1        85150   
   71.2      11737      100000       1        85170   
   71.3      11561      100000       1        85259   
   71.4      11691      100000       1        85129   
   71.5      11729      100000       1        85118   
   71.6      11845      100000       1        84959   
   71.7      11833      100000       1        84926   
   71.8      11621      100000       1        85392   
   71.9      11538      100000       1        85522   
   72.0      11462      100000       1        85580   
   72.1      11453      100000       1        85523   
   72.2      11553      100000       1        85530   
   72.3      11304      100000       1        85782   
   72.4      11152      100000       1        85959   
   72.5      11126      100000       1        86000   
   72.6      10897      100000       1        86267   
   72.7      10892      100000       1        86494   
   72.8      10837      100000       1        86535   
   72.9      10877      100000       1        86379   
   73.0      10887      100000       1        86332   
   73.1      11013      100000       1        86409   
   73.2      11017      100000       1        86359   
   73.3      10903      100000       1        86323   
   73.4      11004      100000       1        86349   
   73.5      10796      100000       1        86518   
   73.6      10891      100000       1        86368   
   73.7      11037      100000       1        86489   
   73.8      10875      100000       1        86640   
   73.9      10797      100000       1        86595   
   74.0      10743      100000       1        86595   
   74.1      10844      100000       1        86466   
   74.2      10934      100000       1        86349   
   74.3      10962      100000       1        86260   
   74.4      11241      100000       1        86085   
   74.5      11254      100000       1        85922   
   74.6      11345      100000       1        85659   
   74.7      11434      100000       1        85694   
   74.8      11301      100000       1        85746   
   74.9      11349      100000       1        85627   
   75.0      11426      100000       1        85594   
   75.1      11357      100000       1        85635   
   75.2      11289      100000       1        85747   
   75.3      11282      100000       1        85735   
   75.4      11299      100000       1        85642   
   75.5      11483      100000       1        85483   
   75.6      11497      100000       1        85498   
   75.7      11354      100000       1        85675   
   75.8      11237      100000       1        85955   
   75.9      11088      100000       1        86038   
   76.0      11152      100000       1        86155   
   76.1      11028      100000       1        86306   
   76.2      11011      100000       1        86134   
   76.3      11095      100000       1        86136   
   76.4      11094      100000       1        86157   
   76.5      11144      100000       1        86057   
   76.6      11145      100000       1        86042   
   76.7      11321      100000       1        85873   
   76.8      11195      100000       1        86132   
   76.9      11140      100000       1        86126   
   77.0      10824      100000       1        86472   
   77.1      11059      100000       1        86338   
   77.2      11143      100000       1        86089   
   77.3      11184      100000       1        85964   
   77.4      11259      100000       1        85942   
   77.5      11203      100000       1        85934   
   77.6      11308      100000       1        85866   
   77.7      11382      100000       1        85631   
   77.8      11424      100000       1        85581   
   77.9      11464      100000       1        85512   
   78.0      11538      100000       1        85414   
   78.1      11490      100000       1        85499   
   78.2      11499      100000       1        85695   
   78.3      11318      100000       1        85678   
   78.4      11308      100000       1        85736   
   78.5      11375      100000       1        85812   
   78.6      11309      100000       1        85772   
   78.7      11201      100000       1        85964   
   78.8      11167      100000       1        85926   
   78.9      11214      100000       1        85864   
   79.0      11339      100000       1        85747   
   79.1      11370      100000       1        85778   
   79.2      11212      100000       1        85992   
   79.3      11130      100000       1        86076   
   79.4      11187      100000       1        86100   
   79.5      11063      100000       1        86206   
   79.6      10898      100000       1        86405   
   79.7      10884      100000       1        86423   
   79.8      10947      100000       1        86503   
   79.9      10919      100000       1        86530   
   80.0      10854      100000       1        86512   
   80.1      10886      100000       1        86477   
   80.2      11107      100000       1        86100   
   80.3      11131      100000       1        86070   
   80.4      11219      100000       1        85919   
   80.5      11344      100000       1        85619   
   80.6      11366      100000       1        85693   
   80.7      11256      100000       1        85990   
   80.8      10948      100000       1        86264   
   80.9      11171      100000       1        86080   
   81.0      11037      100000       1        86060   
   81.1      11056      100000       1        86188   
   81.2      11137      100000       1        86102   
   81.3      11221      100000       1        85929   
   81.4      11227      100000       1        85908   
   81.5      11380      100000       1        85680   
   81.6      11259      100000       1        85910   
   81.7      11292      100000       1        85874   
   81.8      11167      100000       1        86060   
   81.9      11286      100000       1        85952   
   82.0      11276      100000       1        85673   
   82.1      11369      100000       1        85822   
   82.2      11254      100000       1        85922   
   82.3      11172      100000       1        85956   
   82.4      11300      100000       1        85817   
   82.5      11287      100000       2        85845   
   82.6      11286      100000       1        85902   
   82.7      11346      100000       1        85744   
   82.8      11306      100000       1        85758   
   82.9      11327      100000       1        85708   
   83.0      11317      100000       1        85822   
   83.1      11275      100000       1        85847   
   83.2      11299      100000       1        85809   
   83.3      11455      100000       1        85562   
   83.4      11316      100000       1        85663   
   83.5      11416      100000       1        85675   
   83.6      11430      100000       1        85668   
   83.7      11351      100000       1        85889   
   83.8      11202      100000       1        86124   
   83.9      11175      100000       1        85933   
   84.0      11173      100000       2        86058   
   84.1      11163      100000       1        86160   
   84.2      11088      100000       1        86180   
   84.3      11174      100000       1        86014   
   84.4      11060      100000       1        86172   
   84.5      11101      100000       1        86117   
   84.6      11027      100000       1        86186   
   84.7      11006      100000       1        86280   
   84.8      11052      100000       1        86081   
   84.9      11288      100000       1        85748   
   85.0      11557      100000       1        85372   
   85.1      11579      100000       1        85314   
   85.2      11711      100000       1        85253   
   85.3      11606      100000       1        85415   
   85.4      11269      100000       1        85722   
   85.5      11249      100000       1        85892   
   85.6      11258      100000       1        86087   
   85.7      11130      100000       1        86223   
   85.8      11008      100000       1        86424   
   85.9      11000      100000       1        86302   
   86.0      11127      100000       1        86142   
   86.1      11380      100000       1        85869   
   86.2      11201      100000       1        85871   
   86.3      11434      100000       1        85660   
   86.4      11519      100000       1        85403   
   86.5      11560      100000       2        85286   
   86.6      11739      100000       1        85366   
   86.7      11518      100000       1        85384   
   86.8      11615      100000       1        85352   
   86.9      11498      100000       1        85494   
   87.0      11448      100000       1        85589   
   87.1      11525      100000       1        85513   
   87.2      11475      100000       1        85356   
   87.3      11484      100000       1        85506   
   87.4      11398      100000       1        85790   
   87.5      11188      100000       1        86003   
   87.6      10935      100000       1        86280   
   87.7      10959      100000       1        86379   
   87.8      11004      100000       1        86307   
   87.9      11105      100000       1        86092   
   88.0      11173      100000       1        85943   
   88.1      11411      100000       1        85751   
   88.2      11388      100000       1        85635   
   88.3      11553      100000       1        85477   
   88.4      11564      100000       1        85352   
   88.5      11655      100000       1        85298   
   88.6      11542      100000       1        85422   
   88.7      11755      100000       1        85252   
   88.8      11858      100000       1        85040   
   88.9      11809      100000       1        84967   
   89.0      11729      100000       1        85122   
   89.1      11616      100000       1        85373   
   89.2      11392      100000       1        85568   
   89.3      11302      100000       1        85908   
   89.4      11239      100000       1        85974   
   89.5      11194      100000       1        86100   
   89.6      10977      100000       1        86395   
   89.7      10838      100000       1        86558   
   89.8      10845      100000       2        86645   
   89.9      10797      100000       1        86639   
   90.0      10714      100000       1        86737   
   90.1      10850      100000       1        86640   
   90.2      10849      100000       1        86551   
   90.3      10783      100000       1        86675   
   90.4      10884      100000       1        86467   
   90.5      10925      100000       1        86359   
   90.6      11066      100000       1        86196   
   90.7      11276      100000       1        85788   
   90.8      11447      100000       1        85481   
   90.9      11418      100000       1        85546   
   91.0      11363      100000       1        85578   
   91.1      11562      100000       1        85462   
   91.2      11621      100000       1        85266   
   91.3      11459      100000       1        85491   
   91.4      11327      100000       1        85775   
   91.5      11217      100000       1        85915   
   91.6      11211      100000       1        85903   
   91.7      11183      100000       1        85883   
   91.8      11207      100000       1        86032   
   91.9      11057      100000       1        86212   
   92.0      10928      100000       1        86378   
   92.1      10938      100000       1        86374   
   92.2      10954      100000       1        86278   
   92.3      10973      100000       1        86430   
   92.4      10741      100000       1        86649   
   92.5      10655      100000       1        86770   
   92.6      10815      100000       1        86637   
   92.7      10842      100000       1        86530   
   92.8      10927      100000       1        86521   
   92.9      10986      100000       1        86299   
   93.0      11191      100000       1        85981   
   93.1      11354      100000       1        85799   
   93.2      11395      100000       1        85751   
   93.3      11355      100000       1        85777   
   93.4      11265      100000       1        85930   
   93.5      11117      100000       1        86105   
   93.6      11138      100000       1        86235   
   93.7      11151      100000       1        86014   
   93.8      11425      100000       1        85672   
   93.9      11500      100000       1        85523   
   94.0      11568      100000       1        85430   
   94.1      11601      100000       1        85446   
   94.2      11485      100000       1        85616   
   94.3      11431      100000       1        85618   
   94.4      11386      100000       1        85716   
   94.5      11352      100000       1        85866   
   94.6      11258      100000       1        85847   
   94.7      11168      100000       1        85982   
   94.8      11256      100000       1        85894   
   94.9      11384      100000       1        85557   
   95.0      11588      100000       1        85328   
   95.1      11682      100000       1        85108   
   95.2      11888      100000       1        84777   
   95.3      11789      100000       1        84860   
   95.4      11716      100000       1        84963   
   95.5      11759      100000       1        85111   
   95.6      11631      100000       1        85368   
   95.7      11400      100000       1        85651   
   95.8      11272      100000       1        85923   
   95.9      11087      100000       1        86151   
   96.0      10915      100000       1        86352   
   96.1      11149      100000       1        86101   
   96.2      11125      100000       2        86018   
   96.3      11151      100000       1        86142   
   96.4      11138      100000       1        86072   
   96.5      11088      100000       1        86156   
   96.6      11252      100000       1        86023   
   96.7      11278      100000       1        85882   
   96.8      11399      100000       1        85673   
   96.9      11261      100000       1        85851   
   97.0      11221      100000       1        85958   
   97.1      11277      100000       1        85872   
   97.2      11405      100000       1        85549   
   97.3      11578      100000       1        85498   
   97.4      11464      100000       1        85454   
   97.5      11414      100000       1        85565   
   97.6      11449      100000       1        85617   
   97.7      11332      100000       1        85713   
   97.8      11479      100000       1        85430   
   97.9      11516      100000       1        85556   
   98.0      11541      100000       1        85536   
   98.1      11447      100000       2        85691   
   98.2      11281      100000       1        85716   
   98.3      11338      100000       1        85661   
   98.4      11195      100000       1        85924   
   98.5      11225      100000       1        85933   
   98.6      11049      100000       1        86135   
   98.7      10991      100000       1        86247   
   98.8      11099      100000       1        86261   
   98.9      11053      100000       1        86262   
   99.0      10968      100000       1        86337   
   99.1      10963      100000       1        86377   
   99.2      11019      100000       1        86426   
   99.3      10896      100000       1        86534   
   99.4      10933      100000       1        86435   
   99.5      10964      100000       1        86455   
   99.6      11000      100000       1        86298   
   99.7      11211      100000       1        86041   
   99.8      11416      100000       1        85647   
   99.9      11284      100000       1        85860   
