 Timestep   N_clusts  all_parts  thr_clusts thr_parts  thr_c1000  thr_p1000 
   0.0       75962      100000       0          0          0          0     
   0.1        9502      100000      295       80625        19       48267   
   0.2        9772      100000      280       79479        15       52409   
   0.3        9961      100000      353       78977        16       49402   
   0.4       10183      100000      349       78860        20       51839   
   0.5       10867      100000      389       76426        13       45073   
   0.6       11573      100000      372       74733        20       48020   
   0.7       12587      100000      385       72223        17       45925   
   0.8       13643      100000      325       69899        16       52061   
   0.9       14342      100000      266       69181        13       56378   
   1.0       14806      100000      161       69326        12       63021   
   1.1       14560      100000       90       71703        11       69282   
   1.2       14044      100000       44       73588        9        72521   
   1.3       13761      100000       36       75295        11       74523   
   1.4       13587      100000       32       76374        9        75717   
   1.5       13623      100000       28       76636        9        75295   
   1.6       13402      100000       19       77309        6        76916   
   1.7       13111      100000       18       78266        8        77954   
   1.8       13136      100000       17       78689        8        78418   
   1.9       12683      100000       10       79746        7        79199   
   2.0       12584      100000       6        80494        6        80494   
   2.1       12434      100000       10       81330        7        81238   
   2.2       12191      100000       10       81572        6        81469   
   2.3       12037      100000       6        82216        4        80581   
   2.4       11897      100000       9        82894        3        82457   
   2.5       11333      100000       3        83882        3        83882   
   2.6       10922      100000       5        84836        4        84810   
   2.7       10581      100000       4        85580        4        85580   
   2.8       10341      100000       4        86111        4        86111   
   2.9        9988      100000       4        86773        4        86773   
   3.0        9781      100000       4        87189        4        87189   
   3.1        9632      100000       4        87403        4        87403   
   3.2        9342      100000       4        87684        4        87684   
   3.3        9446      100000       4        87608        4        87608   
   3.4        9379      100000       5        87717        4        87687   
   3.5        9333      100000       4        87822        4        87822   
   3.6        9232      100000       4        87895        4        87895   
   3.7        9489      100000       5        87525        5        87525   
   3.8        9728      100000       5        87141        5        87141   
   3.9        9628      100000       5        87265        5        87265   
   4.0        9751      100000       6        87086        5        87059   
   4.1        9744      100000       6        86803        4        85571   
   4.2       10397      100000       6        85697        4        85507   
   4.3       10196      100000       3        86252        3        86252   
   4.4        9836      100000       3        87002        3        87002   
   4.5        9907      100000       5        86777        4        86756   
   4.6        9936      100000       4        86646        4        86646   
   4.7        9940      100000       5        86822        4        86801   
   4.8        9834      100000       4        87017        4        87017   
   4.9        9451      100000       4        87630        4        87630   
   5.0        9075      100000       5        88164        4        88142   
   5.1        8972      100000       4        88516        4        88516   
   5.2        8937      100000       4        88564        4        88564   
   5.3        9132      100000       4        88197        4        88197   
   5.4        9239      100000       3        87928        3        87928   
   5.5        9686      100000       3        87297        3        87297   
   5.6        9585      100000       4        87235        4        87235   
   5.7        9736      100000       4        87144        4        87144   
   5.8        9360      100000       4        87818        4        87818   
   5.9        9246      100000       4        87964        4        87964   
   6.0        9414      100000       3        87800        3        87800   
   6.1        9514      100000       3        87448        3        87448   
   6.2        9605      100000       4        87163        3        87141   
   6.3        9718      100000       2        87213        2        87213   
   6.4        9639      100000       2        87334        2        87334   
   6.5        9474      100000       3        87564        2        87539   
   6.6        9416      100000       2        87756        2        87756   
   6.7        9274      100000       2        88082        2        88082   
   6.8        9080      100000       2        88373        2        88373   
   6.9        9328      100000       2        87857        2        87857   
   7.0        9564      100000       2        87372        2        87372   
   7.1        9615      100000       2        87377        2        87377   
   7.2        9441      100000       3        87641        3        87641   
   7.3        9360      100000       3        87727        3        87727   
   7.4        9557      100000       3        87536        3        87536   
   7.5        9494      100000       3        87556        3        87556   
   7.6        9736      100000       3        86957        3        86957   
   7.7       10074      100000       3        86658        3        86658   
   7.8        9920      100000       2        86943        2        86943   
   7.9        9908      100000       1        86837        1        86837   
   8.0        9941      100000       2        86757        2        86757   
   8.1        9853      100000       1        87009        1        87009   
   8.2        9798      100000       1        87078        1        87078   
   8.3        9549      100000       1        87410        1        87410   
   8.4        9504      100000       1        87632        1        87632   
   8.5        9307      100000       1        87948        1        87948   
   8.6        9303      100000       1        88005        1        88005   
   8.7        9235      100000       1        88212        1        88212   
   8.8        8980      100000       1        88471        1        88471   
   8.9        8953      100000       1        88479        1        88479   
   9.0        8942      100000       1        88655        1        88655   
   9.1        9146      100000       1        88081        1        88081   
   9.2        9290      100000       2        87780        1        87754   
   9.3        9338      100000       2        87801        1        87777   
   9.4        9402      100000       1        87729        1        87729   
   9.5        9386      100000       1        87650        1        87650   
   9.6        9642      100000       1        87423        1        87423   
   9.7        9264      100000       1        88012        1        88012   
   9.8        9132      100000       1        88283        1        88283   
   9.9        9015      100000       1        88536        1        88536   
   10.0       8833      100000       1        88842        1        88842   
   10.1       8785      100000       1        88963        1        88963   
   10.2       8654      100000       1        89067        1        89067   
   10.3       8850      100000       1        88725        1        88725   
   10.4       8827      100000       2        88868        1        88842   
   10.5       9103      100000       1        88444        1        88444   
   10.6       9089      100000       1        88269        1        88269   
   10.7       9167      100000       1        88224        1        88224   
   10.8       8912      100000       2        88470        2        88470   
   10.9       8990      100000       2        88416        2        88416   
   11.0       9030      100000       2        88515        2        88515   
   11.1       8908      100000       2        88752        2        88752   
   11.2       8844      100000       2        88841        2        88841   
   11.3       8589      100000       2        89116        2        89116   
   11.4       8565      100000       1        89314        1        89314   
   11.5       8554      100000       2        89089        2        89089   
   11.6       8569      100000       2        89213        2        89213   
   11.7       8378      100000       1        89531        1        89531   
   11.8       8449      100000       1        89300        1        89300   
   11.9       8477      100000       1        89408        1        89408   
   12.0       8581      100000       1        89261        1        89261   
   12.1       8703      100000       1        89033        1        89033   
   12.2       8534      100000       1        89165        1        89165   
   12.3       8699      100000       1        89023        1        89023   
   12.4       8573      100000       1        89171        1        89171   
   12.5       8286      100000       1        89692        1        89692   
   12.6       8228      100000       1        89742        1        89742   
   12.7       8412      100000       1        89507        1        89507   
   12.8       8646      100000       2        89077        1        89055   
   12.9       8674      100000       1        89105        1        89105   
   13.0       8687      100000       1        89008        1        89008   
   13.1       8604      100000       1        89104        1        89104   
   13.2       8465      100000       1        89311        1        89311   
   13.3       8392      100000       1        89474        1        89474   
   13.4       8590      100000       2        89165        2        89165   
   13.5       8709      100000       2        88918        2        88918   
   13.6       8665      100000       2        88949        2        88949   
   13.7       8743      100000       2        88971        2        88971   
   13.8       8968      100000       2        88593        2        88593   
   13.9       8876      100000       2        88651        2        88651   
   14.0       9074      100000       2        88482        2        88482   
   14.1       9146      100000       2        88256        2        88256   
   14.2       9250      100000       2        88031        2        88031   
   14.3       9260      100000       2        88234        2        88234   
   14.4       8933      100000       2        88658        2        88658   
   14.5       8678      100000       2        89069        2        89069   
   14.6       8660      100000       2        89235        2        89235   
   14.7       8507      100000       2        89249        2        89249   
   14.8       8468      100000       2        89377        2        89377   
   14.9       8436      100000       2        89416        2        89416   
   15.0       8316      100000       2        89749        2        89749   
   15.1       8444      100000       2        89379        2        89379   
   15.2       8813      100000       2        88804        2        88804   
   15.3       8855      100000       2        88801        2        88801   
   15.4       8950      100000       2        88696        2        88696   
   15.5       9006      100000       2        88508        2        88508   
   15.6       9075      100000       2        88489        2        88489   
   15.7       9064      100000       2        88425        2        88425   
   15.8       9020      100000       2        88494        2        88494   
   15.9       9031      100000       2        88500        2        88500   
   16.0       8998      100000       2        88419        2        88419   
   16.1       9088      100000       2        88352        2        88352   
   16.2       8882      100000       2        88662        2        88662   
   16.3       8844      100000       2        88691        2        88691   
   16.4       8797      100000       2        88973        2        88973   
   16.5       8770      100000       2        88872        2        88872   
   16.6       8563      100000       2        89340        2        89340   
   16.7       8381      100000       2        89513        2        89513   
   16.8       8566      100000       2        89255        2        89255   
   16.9       8581      100000       2        89060        2        89060   
   17.0       8807      100000       3        88989        2        88964   
   17.1       8810      100000       2        88913        2        88913   
   17.2       8786      100000       2        88881        2        88881   
   17.3       8643      100000       2        89087        2        89087   
   17.4       8762      100000       2        88925        2        88925   
   17.5       8932      100000       2        88637        2        88637   
   17.6       8868      100000       2        88706        1        87942   
   17.7       8919      100000       2        88558        1        88329   
   17.8       8785      100000       1        88736        1        88736   
   17.9       8421      100000       1        89449        1        89449   
   18.0       8464      100000       1        89473        1        89473   
   18.1       8177      100000       1        89952        1        89952   
   18.2       7977      100000       1        90198        1        90198   
   18.3       7915      100000       1        90375        1        90375   
   18.4       7811      100000       1        90497        1        90497   
   18.5       7734      100000       1        90483        1        90483   
   18.6       7877      100000       1        90352        1        90352   
   18.7       8105      100000       1        89889        1        89889   
   18.8       8440      100000       1        89240        1        89240   
   18.9       8804      100000       1        88850        1        88850   
   19.0       8882      100000       1        88613        1        88613   
   19.1       8829      100000       1        88726        1        88726   
   19.2       8736      100000       1        88946        1        88946   
   19.3       8643      100000       1        89009        1        89009   
   19.4       8633      100000       1        89080        1        89080   
   19.5       8561      100000       1        89244        1        89244   
   19.6       8566      100000       1        89194        1        89194   
   19.7       8550      100000       1        89217        1        89217   
   19.8       8545      100000       1        89193        1        89193   
   19.9       8482      100000       1        89394        1        89394   
   20.0       8439      100000       1        89553        1        89553   
   20.1       8324      100000       1        89646        1        89646   
   20.2       8395      100000       1        89557        1        89557   
   20.3       8392      100000       1        89621        1        89621   
   20.4       8288      100000       1        89652        1        89652   
   20.5       8354      100000       1        89568        1        89568   
   20.6       8425      100000       1        89434        1        89434   
   20.7       8334      100000       1        89498        1        89498   
   20.8       8219      100000       1        89714        1        89714   
   20.9       8410      100000       1        89582        1        89582   
   21.0       8472      100000       1        89415        1        89415   
   21.1       8561      100000       1        89188        1        89188   
   21.2       8769      100000       1        88991        1        88991   
   21.3       8617      100000       1        89003        1        89003   
   21.4       8736      100000       2        88987        1        88966   
   21.5       8666      100000       1        89062        1        89062   
   21.6       8471      100000       1        89448        1        89448   
   21.7       8281      100000       1        89838        1        89838   
   21.8       8020      100000       1        90149        1        90149   
   21.9       8060      100000       1        90300        1        90300   
   22.0       8047      100000       1        90054        1        90054   
   22.1       8110      100000       1        89955        1        89955   
   22.2       8130      100000       1        89933        1        89933   
   22.3       8193      100000       1        89899        1        89899   
   22.4       7944      100000       1        90129        1        90129   
   22.5       8010      100000       1        90065        1        90065   
   22.6       8013      100000       1        90245        1        90245   
   22.7       8094      100000       1        89943        1        89943   
   22.8       8287      100000       1        89769        1        89769   
   22.9       8219      100000       1        89734        1        89734   
   23.0       8185      100000       1        89896        1        89896   
   23.1       8201      100000       1        89832        1        89832   
   23.2       8206      100000       1        89874        1        89874   
   23.3       8177      100000       1        89920        1        89920   
   23.4       7990      100000       1        90021        1        90021   
   23.5       8054      100000       1        89996        1        89996   
   23.6       8033      100000       1        90160        1        90160   
   23.7       7991      100000       1        90088        1        90088   
   23.8       8278      100000       1        89684        1        89684   
   23.9       8361      100000       1        89655        1        89655   
   24.0       8347      100000       1        89708        1        89708   
   24.1       8289      100000       1        89772        1        89772   
   24.2       8325      100000       1        89715        1        89715   
   24.3       8221      100000       1        89798        1        89798   
   24.4       8361      100000       1        89622        1        89622   
   24.5       8264      100000       1        89730        1        89730   
   24.6       8021      100000       1        90078        1        90078   
   24.7       8284      100000       1        89620        1        89620   
   24.8       8565      100000       1        89272        1        89272   
   24.9       8486      100000       1        89458        1        89458   
   25.0       8251      100000       1        89726        1        89726   
   25.1       8060      100000       1        90050        1        90050   
   25.2       7730      100000       1        90478        1        90478   
   25.3       7599      100000       1        90760        1        90760   
   25.4       7576      100000       1        90833        1        90833   
   25.5       7364      100000       1        91105        1        91105   
   25.6       7390      100000       1        91149        1        91149   
   25.7       7359      100000       1        91017        1        91017   
   25.8       7636      100000       1        90725        1        90725   
   25.9       7896      100000       1        90296        1        90296   
   26.0       8163      100000       1        89939        1        89939   
   26.1       8178      100000       1        89855        1        89855   
   26.2       8285      100000       1        89600        1        89600   
   26.3       8177      100000       1        89770        1        89770   
   26.4       8332      100000       1        89796        1        89796   
   26.5       8175      100000       1        89936        1        89936   
   26.6       8033      100000       1        90074        1        90074   
   26.7       7951      100000       1        90261        1        90261   
   26.8       8040      100000       1        90072        1        90072   
   26.9       8192      100000       1        89863        1        89863   
   27.0       8281      100000       1        89795        1        89795   
   27.1       8340      100000       1        89769        1        89769   
   27.2       8166      100000       1        89876        1        89876   
   27.3       8083      100000       1        90046        1        90046   
   27.4       8029      100000       1        90189        1        90189   
   27.5       7958      100000       1        90254        1        90254   
   27.6       7882      100000       1        90381        1        90381   
   27.7       7845      100000       1        90413        1        90413   
   27.8       7714      100000       1        90532        1        90532   
   27.9       7755      100000       1        90444        1        90444   
   28.0       7928      100000       1        90200        1        90200   
   28.1       8194      100000       1        89881        1        89881   
   28.2       8204      100000       1        89798        1        89798   
   28.3       8363      100000       1        89564        1        89564   
   28.4       8301      100000       1        89595        1        89595   
   28.5       8339      100000       1        89768        1        89768   
   28.6       8190      100000       1        89839        1        89839   
   28.7       8121      100000       1        90002        1        90002   
   28.8       8210      100000       1        89737        1        89737   
   28.9       8273      100000       1        89777        1        89777   
   29.0       8120      100000       1        89821        1        89821   
   29.1       8197      100000       1        89941        1        89941   
   29.2       8143      100000       1        90006        1        90006   
   29.3       8122      100000       1        89882        1        89882   
   29.4       8296      100000       1        89736        1        89736   
   29.5       8259      100000       1        89705        1        89705   
   29.6       8336      100000       1        89579        1        89579   
   29.7       8310      100000       1        89496        1        89496   
   29.8       8240      100000       1        89698        1        89698   
   29.9       8044      100000       1        89972        1        89972   
   30.0       8004      100000       1        90102        1        90102   
   30.1       7977      100000       1        90196        1        90196   
   30.2       7923      100000       1        90257        1        90257   
   30.3       7870      100000       1        90411        1        90411   
   30.4       7812      100000       1        90403        1        90403   
   30.5       7815      100000       1        90335        1        90335   
   30.6       7832      100000       1        90370        1        90370   
   30.7       7954      100000       2        90235        1        90214   
   30.8       8014      100000       1        90247        1        90247   
   30.9       8097      100000       1        90002        1        90002   
   31.0       8090      100000       1        89988        1        89988   
   31.1       8141      100000       1        89985        1        89985   
   31.2       8049      100000       1        90097        1        90097   
   31.3       7975      100000       1        90170        1        90170   
   31.4       8070      100000       1        89962        1        89962   
   31.5       8095      100000       1        89848        1        89848   
   31.6       8280      100000       1        89755        1        89755   
   31.7       8248      100000       1        89738        1        89738   
   31.8       8250      100000       1        89713        1        89713   
   31.9       8289      100000       1        89696        1        89696   
   32.0       8481      100000       1        89407        1        89407   
   32.1       8503      100000       1        89276        1        89276   
   32.2       8578      100000       1        89270        1        89270   
   32.3       8430      100000       1        89408        1        89408   
   32.4       8380      100000       1        89559        1        89559   
   32.5       8470      100000       1        89341        1        89341   
   32.6       8512      100000       1        89379        1        89379   
   32.7       8633      100000       1        89139        1        89139   
   32.8       8477      100000       1        89387        1        89387   
   32.9       8391      100000       1        89549        1        89549   
   33.0       8422      100000       1        89503        1        89503   
   33.1       8554      100000       1        89215        1        89215   
   33.2       8590      100000       1        89142        1        89142   
   33.3       8658      100000       1        89031        1        89031   
   33.4       8701      100000       1        89093        1        89093   
   33.5       8755      100000       1        89056        1        89056   
   33.6       8725      100000       1        89035        1        89035   
   33.7       8752      100000       1        88865        1        88865   
   33.8       8927      100000       1        88721        1        88721   
   33.9       8747      100000       1        89006        1        89006   
   34.0       8803      100000       1        88970        1        88970   
   34.1       8629      100000       2        89133        1        89109   
   34.2       8666      100000       1        89111        1        89111   
   34.3       8614      100000       1        89244        1        89244   
   34.4       8341      100000       1        89549        1        89549   
   34.5       8224      100000       1        89776        1        89776   
   34.6       8133      100000       1        89949        1        89949   
   34.7       8055      100000       1        90045        1        90045   
   34.8       8014      100000       1        90147        1        90147   
   34.9       8145      100000       1        89928        1        89928   
   35.0       8452      100000       1        89355        1        89355   
   35.1       8393      100000       1        89497        1        89497   
   35.2       8428      100000       1        89334        1        89334   
   35.3       8752      100000       1        88964        1        88964   
   35.4       8796      100000       1        89013        1        89013   
   35.5       8679      100000       1        89098        1        89098   
   35.6       8551      100000       1        89364        1        89364   
   35.7       8189      100000       1        89789        1        89789   
   35.8       8016      100000       1        90165        1        90165   
   35.9       8134      100000       1        89877        1        89877   
   36.0       8287      100000       1        89633        1        89633   
   36.1       8378      100000       1        89530        1        89530   
   36.2       8374      100000       1        89557        1        89557   
   36.3       8402      100000       1        89482        1        89482   
   36.4       8591      100000       1        89205        1        89205   
   36.5       8710      100000       1        89076        1        89076   
   36.6       8892      100000       1        88537        1        88537   
   36.7       8855      100000       1        88675        1        88675   
   36.8       8895      100000       1        88809        1        88809   
   36.9       8673      100000       1        89140        1        89140   
   37.0       8478      100000       1        89428        1        89428   
   37.1       8448      100000       1        89484        1        89484   
   37.2       8577      100000       1        89275        1        89275   
   37.3       8676      100000       1        89016        1        89016   
   37.4       8784      100000       1        88914        1        88914   
   37.5       8619      100000       1        89288        1        89288   
   37.6       8500      100000       1        89387        1        89387   
   37.7       8448      100000       1        89453        1        89453   
   37.8       8342      100000       1        89653        1        89653   
   37.9       8319      100000       1        89570        1        89570   
   38.0       8352      100000       1        89594        1        89594   
   38.1       8330      100000       1        89531        1        89531   
   38.2       8446      100000       1        89409        1        89409   
   38.3       8537      100000       1        89262        1        89262   
   38.4       8569      100000       1        89250        1        89250   
   38.5       8593      100000       1        89152        1        89152   
   38.6       8596      100000       1        89166        1        89166   
   38.7       8516      100000       1        89246        1        89246   
   38.8       8362      100000       1        89500        1        89500   
   38.9       8231      100000       1        89837        1        89837   
   39.0       8082      100000       1        89889        1        89889   
   39.1       8285      100000       1        89694        1        89694   
   39.2       8174      100000       1        89867        1        89867   
   39.3       8195      100000       1        89910        1        89910   
   39.4       8186      100000       1        90007        1        90007   
   39.5       8116      100000       1        89962        1        89962   
   39.6       8122      100000       1        89855        1        89855   
   39.7       8147      100000       1        89811        1        89811   
   39.8       8334      100000       1        89595        1        89595   
   39.9       8396      100000       1        89504        1        89504   
   40.0       8243      100000       1        89712        1        89712   
   40.1       8211      100000       1        89795        1        89795   
   40.2       8074      100000       1        89939        1        89939   
   40.3       8004      100000       1        90246        1        90246   
   40.4       8011      100000       1        90184        1        90184   
   40.5       7953      100000       1        90193        1        90193   
   40.6       7959      100000       1        90201        1        90201   
   40.7       8026      100000       1        90067        1        90067   
   40.8       8225      100000       1        89883        1        89883   
   40.9       8086      100000       1        90001        1        90001   
   41.0       8199      100000       1        89845        1        89845   
   41.1       8262      100000       1        89773        1        89773   
   41.2       8357      100000       1        89587        1        89587   
   41.3       8292      100000       1        89653        1        89653   
   41.4       8304      100000       1        89606        1        89606   
   41.5       8164      100000       1        89785        1        89785   
   41.6       8319      100000       1        89657        1        89657   
   41.7       8447      100000       1        89441        1        89441   
   41.8       8344      100000       1        89648        1        89648   
   41.9       8182      100000       1        89777        1        89777   
   42.0       8220      100000       1        89840        1        89840   
   42.1       8169      100000       1        90007        1        90007   
   42.2       7996      100000       1        90190        1        90190   
   42.3       7946      100000       1        90244        1        90244   
   42.4       8113      100000       1        89973        1        89973   
   42.5       8201      100000       1        89901        1        89901   
   42.6       8323      100000       1        89566        1        89566   
   42.7       8443      100000       1        89399        1        89399   
   42.8       8530      100000       1        89233        1        89233   
   42.9       8579      100000       1        89244        1        89244   
   43.0       8508      100000       1        89348        1        89348   
   43.1       8297      100000       1        89620        1        89620   
   43.2       8401      100000       1        89625        1        89625   
   43.3       8122      100000       1        89941        1        89941   
   43.4       8011      100000       1        90089        1        90089   
   43.5       7993      100000       1        90011        1        90011   
   43.6       8292      100000       1        89665        1        89665   
   43.7       8378      100000       1        89543        1        89543   
   43.8       8519      100000       1        89384        1        89384   
   43.9       8631      100000       1        89286        1        89286   
   44.0       8423      100000       1        89496        1        89496   
   44.1       8244      100000       1        89807        1        89807   
   44.2       8233      100000       1        89789        1        89789   
   44.3       8092      100000       1        90047        1        90047   
   44.4       8124      100000       1        89933        1        89933   
   44.5       8206      100000       1        89857        1        89857   
   44.6       8109      100000       1        90017        1        90017   
   44.7       7968      100000       1        90249        1        90249   
   44.8       7905      100000       1        90308        1        90308   
   44.9       7984      100000       1        90121        1        90121   
   45.0       8298      100000       1        89653        1        89653   
   45.1       8500      100000       1        89351        1        89351   
   45.2       8441      100000       1        89373        1        89373   
   45.3       8254      100000       1        89738        1        89738   
   45.4       8141      100000       1        89929        1        89929   
   45.5       8070      100000       1        90075        1        90075   
   45.6       8023      100000       1        90133        1        90133   
   45.7       7740      100000       1        90355        1        90355   
   45.8       7959      100000       1        90171        1        90171   
   45.9       8129      100000       2        89997        1        89975   
   46.0       8277      100000       1        89662        1        89662   
   46.1       8417      100000       1        89448        1        89448   
   46.2       8534      100000       1        89248        1        89248   
   46.3       8620      100000       1        89241        1        89241   
   46.4       8614      100000       1        89153        1        89153   
   46.5       8876      100000       1        88692        1        88692   
   46.6       8814      100000       1        88726        1        88726   
   46.7       8716      100000       1        88979        1        88979   
   46.8       8599      100000       1        89195        1        89195   
   46.9       8450      100000       1        89447        1        89447   
   47.0       8361      100000       1        89658        1        89658   
   47.1       8458      100000       1        89574        1        89574   
   47.2       8292      100000       1        89637        1        89637   
   47.3       8311      100000       2        89711        1        89681   
   47.4       8335      100000       1        89680        1        89680   
   47.5       8400      100000       1        89646        1        89646   
   47.6       8278      100000       1        89671        1        89671   
   47.7       8293      100000       1        89579        1        89579   
   47.8       8341      100000       1        89588        1        89588   
   47.9       8332      100000       1        89625        1        89625   
   48.0       8223      100000       1        89772        1        89772   
   48.1       8150      100000       1        89951        1        89951   
   48.2       8050      100000       1        89897        1        89897   
   48.3       8176      100000       1        89896        1        89896   
   48.4       8052      100000       1        90007        1        90007   
   48.5       8118      100000       1        89817        1        89817   
   48.6       8365      100000       1        89551        1        89551   
   48.7       8302      100000       1        89661        1        89661   
   48.8       8460      100000       1        89547        1        89547   
   48.9       8257      100000       1        89699        1        89699   
   49.0       8197      100000       1        89759        1        89759   
   49.1       8497      100000       2        89467        1        89437   
   49.2       8462      100000       1        89484        1        89484   
   49.3       8240      100000       1        89793        1        89793   
   49.4       7993      100000       1        89970        1        89970   
   49.5       8139      100000       1        89790        1        89790   
   49.6       8232      100000       1        89709        1        89709   
   49.7       8314      100000       1        89512        1        89512   
   49.8       8610      100000       2        89248        1        89215   
   49.9       8684      100000       1        89180        1        89180   
   50.0       8530      100000       1        89412        1        89412   
   50.1       8406      100000       1        89479        1        89479   
   50.2       8356      100000       1        89638        1        89638   
   50.3       8157      100000       1        89907        1        89907   
   50.4       8027      100000       1        90124        1        90124   
   50.5       7901      100000       1        90242        1        90242   
   50.6       8039      100000       1        90105        1        90105   
   50.7       8306      100000       1        89649        1        89649   
   50.8       8452      100000       1        89471        1        89471   
   50.9       8423      100000       1        89538        1        89538   
   51.0       8515      100000       1        89331        1        89331   
   51.1       8491      100000       1        89255        1        89255   
   51.2       8727      100000       1        88983        1        88983   
   51.3       8862      100000       1        88867        1        88867   
   51.4       8586      100000       1        89126        1        89126   
   51.5       8521      100000       1        89357        1        89357   
   51.6       8699      100000       1        89105        1        89105   
   51.7       8611      100000       1        89123        1        89123   
   51.8       8674      100000       1        89160        1        89160   
   51.9       8556      100000       1        89175        1        89175   
   52.0       8496      100000       1        89337        1        89337   
   52.1       8490      100000       1        89360        1        89360   
   52.2       8417      100000       1        89483        1        89483   
   52.3       8285      100000       1        89528        1        89528   
   52.4       8200      100000       1        89832        1        89832   
   52.5       8048      100000       1        90030        1        90030   
   52.6       7918      100000       1        90262        1        90262   
   52.7       7948      100000       1        90188        1        90188   
   52.8       7866      100000       1        90437        1        90437   
   52.9       7872      100000       1        90345        1        90345   
   53.0       7985      100000       1        90167        1        90167   
   53.1       8051      100000       1        90094        1        90094   
   53.2       8136      100000       1        89836        1        89836   
   53.3       8095      100000       1        89886        1        89886   
   53.4       8110      100000       1        89907        1        89907   
   53.5       8214      100000       1        89805        1        89805   
   53.6       8343      100000       1        89647        1        89647   
   53.7       8581      100000       1        89218        1        89218   
   53.8       8755      100000       1        89002        1        89002   
   53.9       8827      100000       1        88842        1        88842   
   54.0       8687      100000       1        88973        1        88973   
   54.1       8744      100000       1        88973        1        88973   
   54.2       8562      100000       1        89122        1        89122   
   54.3       8641      100000       1        89080        1        89080   
   54.4       8408      100000       1        89386        1        89386   
   54.5       8183      100000       1        89890        1        89890   
   54.6       8096      100000       1        89965        1        89965   
   54.7       8034      100000       1        90034        1        90034   
   54.8       8170      100000       1        89792        1        89792   
   54.9       8220      100000       1        89738        1        89738   
   55.0       8124      100000       1        89789        1        89789   
   55.1       8157      100000       1        89878        1        89878   
   55.2       8117      100000       1        90029        1        90029   
   55.3       8009      100000       1        89970        1        89970   
   55.4       7976      100000       1        90020        1        90020   
   55.5       8147      100000       1        89817        1        89817   
   55.6       8376      100000       1        89424        1        89424   
   55.7       8703      100000       1        89004        1        89004   
   55.8       8808      100000       1        88854        1        88854   
   55.9       8812      100000       1        88856        1        88856   
   56.0       8844      100000       1        88841        1        88841   
   56.1       8992      100000       1        88632        1        88632   
   56.2       8897      100000       1        88725        1        88725   
   56.3       8903      100000       1        88698        1        88698   
   56.4       8917      100000       1        88568        1        88568   
   56.5       8945      100000       1        88679        1        88679   
   56.6       8958      100000       1        88602        1        88602   
   56.7       8835      100000       1        88677        1        88677   
   56.8       8800      100000       1        88671        1        88671   
   56.9       8786      100000       1        88862        1        88862   
   57.0       8678      100000       1        89048        1        89048   
   57.1       8359      100000       1        89459        1        89459   
   57.2       8532      100000       1        89474        1        89474   
   57.3       8495      100000       1        89364        1        89364   
   57.4       8293      100000       1        89524        1        89524   
   57.5       8335      100000       1        89657        1        89657   
   57.6       8164      100000       1        89802        1        89802   
   57.7       8025      100000       1        90116        1        90116   
   57.8       7976      100000       1        90148        1        90148   
   57.9       8106      100000       1        89862        1        89862   
   58.0       8289      100000       1        89529        1        89529   
   58.1       8281      100000       1        89596        1        89596   
   58.2       8574      100000       1        89224        1        89224   
   58.3       8575      100000       1        89242        1        89242   
   58.4       8562      100000       1        89233        1        89233   
   58.5       8570      100000       1        89246        1        89246   
   58.6       8471      100000       1        89415        1        89415   
   58.7       8225      100000       1        89664        1        89664   
   58.8       8282      100000       1        89674        1        89674   
   58.9       8207      100000       1        89778        1        89778   
   59.0       8329      100000       1        89604        1        89604   
   59.1       8373      100000       1        89460        1        89460   
   59.2       8489      100000       1        89364        1        89364   
   59.3       8521      100000       1        89334        1        89334   
   59.4       8426      100000       1        89588        1        89588   
   59.5       8166      100000       1        89825        1        89825   
   59.6       8217      100000       1        89737        1        89737   
   59.7       8083      100000       1        90004        1        90004   
   59.8       7840      100000       1        90346        1        90346   
   59.9       7744      100000       1        90453        1        90453   
   60.0       7673      100000       1        90579        1        90579   
   60.1       7676      100000       1        90572        1        90572   
   60.2       7686      100000       1        90489        1        90489   
   60.3       7755      100000       1        90541        1        90541   
   60.4       7864      100000       1        90341        1        90341   
   60.5       8139      100000       1        89976        1        89976   
   60.6       8318      100000       1        89674        1        89674   
   60.7       8450      100000       1        89407        1        89407   
   60.8       8361      100000       1        89552        1        89552   
   60.9       8090      100000       1        89884        1        89884   
   61.0       7880      100000       1        90281        1        90281   
   61.1       7868      100000       1        90219        1        90219   
   61.2       8103      100000       1        90015        1        90015   
   61.3       8189      100000       1        89704        1        89704   
   61.4       8323      100000       1        89598        1        89598   
   61.5       8416      100000       1        89444        1        89444   
   61.6       8492      100000       1        89320        1        89320   
   61.7       8831      100000       1        88825        1        88825   
   61.8       8874      100000       1        88717        1        88717   
   61.9       9011      100000       1        88647        1        88647   
   62.0       9002      100000       1        88445        1        88445   
   62.1       9037      100000       1        88378        1        88378   
   62.2       8938      100000       1        88535        1        88535   
   62.3       8999      100000       2        88675        1        88650   
   62.4       8650      100000       1        89078        1        89078   
   62.5       8562      100000       1        89372        1        89372   
   62.6       8260      100000       1        89781        1        89781   
   62.7       8317      100000       1        89753        1        89753   
   62.8       8339      100000       1        89682        1        89682   
   62.9       8356      100000       1        89672        1        89672   
   63.0       8054      100000       1        90079        1        90079   
   63.1       7975      100000       1        90155        1        90155   
   63.2       8054      100000       1        89987        1        89987   
   63.3       8099      100000       1        90072        1        90072   
   63.4       8037      100000       1        90001        1        90001   
   63.5       8129      100000       1        89875        1        89875   
   63.6       8258      100000       1        89768        1        89768   
   63.7       8269      100000       1        89717        1        89717   
   63.8       8515      100000       1        89473        1        89473   
   63.9       8692      100000       1        89084        1        89084   
   64.0       8778      100000       1        88979        1        88979   
   64.1       8698      100000       1        89077        1        89077   
   64.2       8654      100000       1        89284        1        89284   
   64.3       8512      100000       1        89447        1        89447   
   64.4       8397      100000       1        89570        1        89570   
   64.5       8302      100000       1        89832        1        89832   
   64.6       8085      100000       1        90060        1        90060   
   64.7       8012      100000       1        90095        1        90095   
   64.8       8143      100000       1        89837        1        89837   
   64.9       8196      100000       1        89767        1        89767   
   65.0       8067      100000       1        89949        1        89949   
   65.1       8027      100000       1        90119        1        90119   
   65.2       8028      100000       2        90134        1        90111   
   65.3       8118      100000       1        90009        1        90009   
   65.4       8033      100000       1        90087        1        90087   
   65.5       8153      100000       1        89987        1        89987   
   65.6       8231      100000       1        89901        1        89901   
   65.7       8394      100000       1        89450        1        89450   
   65.8       8631      100000       1        89175        1        89175   
   65.9       8519      100000       1        89356        1        89356   
   66.0       8373      100000       1        89573        1        89573   
   66.1       8483      100000       1        89364        1        89364   
   66.2       8367      100000       1        89578        1        89578   
   66.3       8199      100000       1        89732        1        89732   
   66.4       8191      100000       1        89821        1        89821   
   66.5       8128      100000       1        89887        1        89887   
   66.6       8174      100000       1        89915        1        89915   
   66.7       8140      100000       1        89892        1        89892   
   66.8       8175      100000       1        89976        1        89976   
   66.9       7984      100000       1        90208        1        90208   
   67.0       7956      100000       1        90236        1        90236   
   67.1       7903      100000       1        90265        1        90265   
   67.2       7909      100000       1        90343        1        90343   
   67.3       8090      100000       1        89898        1        89898   
   67.4       8334      100000       1        89622        1        89622   
   67.5       8476      100000       1        89486        1        89486   
   67.6       8448      100000       1        89403        1        89403   
   67.7       8545      100000       1        89315        1        89315   
   67.8       8342      100000       1        89610        1        89610   
   67.9       8354      100000       1        89638        1        89638   
   68.0       8219      100000       1        89818        1        89818   
   68.1       8033      100000       1        90160        1        90160   
   68.2       7696      100000       1        90528        1        90528   
   68.3       7698      100000       1        90569        1        90569   
   68.4       7702      100000       1        90597        1        90597   
   68.5       7870      100000       1        90399        1        90399   
   68.6       8055      100000       1        90157        1        90157   
   68.7       8231      100000       1        89834        1        89834   
   68.8       8394      100000       1        89532        1        89532   
   68.9       8336      100000       1        89576        1        89576   
   69.0       8369      100000       1        89588        1        89588   
   69.1       8336      100000       1        89633        1        89633   
   69.2       8244      100000       1        89683        1        89683   
   69.3       8248      100000       2        89687        1        89660   
   69.4       8327      100000       1        89551        1        89551   
   69.5       8330      100000       1        89693        1        89693   
   69.6       8198      100000       1        89886        1        89886   
   69.7       7861      100000       1        90360        1        90360   
   69.8       7773      100000       1        90459        1        90459   
   69.9       7750      100000       1        90465        1        90465   
   70.0       7867      100000       1        90424        1        90424   
   70.1       7838      100000       1        90238        1        90238   
   70.2       8000      100000       1        90131        1        90131   
   70.3       7945      100000       1        90157        1        90157   
   70.4       7975      100000       1        90237        1        90237   
   70.5       7880      100000       1        90348        1        90348   
   70.6       7679      100000       1        90553        1        90553   
   70.7       7655      100000       1        90642        1        90642   
   70.8       7732      100000       1        90517        1        90517   
   70.9       7865      100000       1        90332        1        90332   
   71.0       7943      100000       1        90122        1        90122   
   71.1       8114      100000       1        89900        1        89900   
   71.2       8282      100000       1        89672        1        89672   
   71.3       8475      100000       1        89493        1        89493   
   71.4       8582      100000       1        89169        1        89169   
   71.5       8674      100000       2        89104        1        89083   
   71.6       8791      100000       1        88918        1        88918   
   71.7       8830      100000       1        88903        1        88903   
   71.8       8643      100000       1        89056        1        89056   
   71.9       8611      100000       1        89197        1        89197   
   72.0       8485      100000       1        89389        1        89389   
   72.1       8479      100000       1        89418        1        89418   
   72.2       8238      100000       1        89764        1        89764   
   72.3       8089      100000       1        90043        1        90043   
   72.4       8046      100000       1        90036        1        90036   
   72.5       8123      100000       1        89996        1        89996   
   72.6       8169      100000       1        89882        1        89882   
   72.7       8318      100000       2        89577        1        89556   
   72.8       8301      100000       1        89645        1        89645   
   72.9       8365      100000       1        89495        1        89495   
   73.0       8454      100000       1        89435        1        89435   
   73.1       8512      100000       1        89402        1        89402   
   73.2       8563      100000       1        89315        1        89315   
   73.3       8554      100000       1        89207        1        89207   
   73.4       8615      100000       1        89108        1        89108   
   73.5       8524      100000       1        89301        1        89301   
   73.6       8587      100000       1        89270        1        89270   
   73.7       8660      100000       1        89181        1        89181   
   73.8       8674      100000       1        89202        1        89202   
   73.9       8713      100000       1        89083        1        89083   
   74.0       8590      100000       1        89070        1        89070   
   74.1       8775      100000       1        88937        1        88937   
   74.2       8862      100000       1        88798        1        88798   
   74.3       8661      100000       1        89104        1        89104   
   74.4       8438      100000       1        89420        1        89420   
   74.5       8280      100000       1        89760        1        89760   
   74.6       8010      100000       1        90136        1        90136   
   74.7       7893      100000       1        90245        1        90245   
   74.8       7991      100000       1        90155        1        90155   
   74.9       8069      100000       1        89834        1        89834   
   75.0       8365      100000       1        89599        1        89599   
   75.1       8311      100000       1        89668        1        89668   
   75.2       8352      100000       1        89465        1        89465   
   75.3       8367      100000       1        89570        1        89570   
   75.4       8182      100000       1        89716        1        89716   
   75.5       8355      100000       1        89637        1        89637   
   75.6       8356      100000       1        89616        1        89616   
   75.7       8380      100000       1        89646        1        89646   
   75.8       8423      100000       1        89496        1        89496   
   75.9       8566      100000       1        89214        1        89214   
   76.0       8794      100000       1        89034        1        89034   
   76.1       8642      100000       1        89001        1        89001   
   76.2       9008      100000       1        88650        1        88650   
   76.3       9018      100000       2        88485        1        88464   
   76.4       9021      100000       1        88472        1        88472   
   76.5       8857      100000       1        88720        1        88720   
   76.6       8625      100000       1        89106        1        89106   
   76.7       8347      100000       1        89660        1        89660   
   76.8       8108      100000       1        90036        1        90036   
   76.9       7926      100000       1        90305        1        90305   
   77.0       7796      100000       1        90421        1        90421   
   77.1       7949      100000       1        90142        1        90142   
   77.2       8229      100000       1        89810        1        89810   
   77.3       8342      100000       1        89553        1        89553   
   77.4       8391      100000       1        89551        1        89551   
   77.5       8495      100000       1        89315        1        89315   
   77.6       8659      100000       1        89098        1        89098   
   77.7       8784      100000       1        88903        1        88903   
   77.8       8856      100000       2        88903        1        88877   
   77.9       8767      100000       1        88891        1        88891   
   78.0       8550      100000       1        89189        1        89189   
   78.1       8354      100000       1        89530        1        89530   
   78.2       8149      100000       1        89951        1        89951   
   78.3       8003      100000       1        90114        1        90114   
   78.4       7844      100000       1        90333        1        90333   
   78.5       7793      100000       1        90514        1        90514   
   78.6       7759      100000       1        90508        1        90508   
   78.7       7743      100000       1        90568        1        90568   
   78.8       7752      100000       1        90560        1        90560   
   78.9       7859      100000       1        90413        1        90413   
   79.0       7877      100000       1        90321        1        90321   
   79.1       7980      100000       1        90269        1        90269   
   79.2       8014      100000       1        90031        1        90031   
   79.3       8312      100000       1        89647        1        89647   
   79.4       8646      100000       1        89242        1        89242   
   79.5       8698      100000       1        88956        1        88956   
   79.6       8728      100000       1        89003        1        89003   
   79.7       8640      100000       1        89083        1        89083   
   79.8       8550      100000       1        89219        1        89219   
   79.9       8737      100000       1        88975        1        88975   
   80.0       8760      100000       1        88873        1        88873   
   80.1       8813      100000       1        88980        1        88980   
   80.2       8573      100000       1        89262        1        89262   
   80.3       8590      100000       1        89169        1        89169   
   80.4       8496      100000       1        89355        1        89355   
   80.5       8557      100000       1        89211        1        89211   
   80.6       8437      100000       1        89372        1        89372   
   80.7       8376      100000       1        89448        1        89448   
   80.8       8501      100000       1        89215        1        89215   
   80.9       8663      100000       1        89143        1        89143   
   81.0       8570      100000       1        89188        1        89188   
   81.1       8637      100000       1        89198        1        89198   
   81.2       8531      100000       1        89372        1        89372   
   81.3       8497      100000       1        89439        1        89439   
   81.4       8324      100000       1        89631        1        89631   
   81.5       8255      100000       1        89704        1        89704   
   81.6       8333      100000       1        89513        1        89513   
   81.7       8339      100000       1        89546        1        89546   
   81.8       8415      100000       1        89604        1        89604   
   81.9       8452      100000       1        89475        1        89475   
   82.0       8407      100000       1        89440        1        89440   
   82.1       8391      100000       1        89648        1        89648   
   82.2       8292      100000       1        89712        1        89712   
   82.3       8298      100000       1        89683        1        89683   
   82.4       8406      100000       1        89389        1        89389   
   82.5       8745      100000       1        88958        1        88958   
   82.6       8837      100000       1        88676        1        88676   
   82.7       8731      100000       1        89001        1        89001   
   82.8       8655      100000       1        89070        1        89070   
   82.9       8669      100000       1        89141        1        89141   
   83.0       8621      100000       1        89208        1        89208   
   83.1       8614      100000       1        89341        1        89341   
   83.2       8352      100000       1        89592        1        89592   
   83.3       8213      100000       1        89870        1        89870   
   83.4       8052      100000       1        89985        1        89985   
   83.5       7974      100000       1        90162        1        90162   
   83.6       7845      100000       1        90377        1        90377   
   83.7       7681      100000       1        90550        1        90550   
   83.8       7615      100000       1        90690        1        90690   
   83.9       7614      100000       1        90678        1        90678   
   84.0       7607      100000       1        90662        1        90662   
   84.1       8043      100000       1        90057        1        90057   
   84.2       8324      100000       1        89610        1        89610   
   84.3       8525      100000       1        89256        1        89256   
   84.4       8551      100000       1        89212        1        89212   
   84.5       8554      100000       1        89207        1        89207   
   84.6       8515      100000       1        89410        1        89410   
   84.7       8428      100000       1        89506        1        89506   
   84.8       8207      100000       1        89769        1        89769   
   84.9       8270      100000       1        89690        1        89690   
   85.0       8323      100000       1        89624        1        89624   
   85.1       8387      100000       1        89580        1        89580   
   85.2       8575      100000       1        89197        1        89197   
   85.3       8647      100000       1        89088        1        89088   
   85.4       8737      100000       1        88907        1        88907   
   85.5       8864      100000       1        88752        1        88752   
   85.6       8848      100000       1        88623        1        88623   
   85.7       8920      100000       1        88732        1        88732   
   85.8       9023      100000       1        88612        1        88612   
   85.9       8859      100000       1        88738        1        88738   
   86.0       8687      100000       1        89117        1        89117   
   86.1       8634      100000       1        89175        1        89175   
   86.2       8567      100000       1        89315        1        89315   
   86.3       8420      100000       1        89408        1        89408   
   86.4       8513      100000       1        89371        1        89371   
   86.5       8395      100000       1        89539        1        89539   
   86.6       8291      100000       1        89787        1        89787   
   86.7       8144      100000       1        89964        1        89964   
   86.8       8102      100000       1        89986        1        89986   
   86.9       8215      100000       1        89782        1        89782   
   87.0       8176      100000       1        89988        1        89988   
   87.1       8061      100000       1        90128        1        90128   
   87.2       8016      100000       1        90141        1        90141   
   87.3       8089      100000       1        89942        1        89942   
   87.4       8258      100000       1        89697        1        89697   
   87.5       8158      100000       1        89825        1        89825   
   87.6       8191      100000       1        89819        1        89819   
   87.7       8264      100000       1        89698        1        89698   
   87.8       8275      100000       1        89718        1        89718   
   87.9       8194      100000       1        89854        1        89854   
   88.0       8421      100000       1        89502        1        89502   
   88.1       8436      100000       1        89426        1        89426   
   88.2       8424      100000       1        89410        1        89410   
   88.3       8334      100000       1        89508        1        89508   
   88.4       8288      100000       1        89742        1        89742   
   88.5       8230      100000       1        89659        1        89659   
   88.6       8305      100000       1        89678        1        89678   
   88.7       8255      100000       1        89649        1        89649   
   88.8       8400      100000       1        89634        1        89634   
   88.9       8349      100000       1        89620        1        89620   
   89.0       8355      100000       1        89543        1        89543   
   89.1       8285      100000       1        89654        1        89654   
   89.2       8237      100000       1        89639        1        89639   
   89.3       8215      100000       1        89694        1        89694   
   89.4       8233      100000       1        89780        1        89780   
   89.5       8401      100000       1        89655        1        89655   
   89.6       8312      100000       1        89757        1        89757   
   89.7       7981      100000       1        90066        1        90066   
   89.8       7998      100000       1        90189        1        90189   
   89.9       8117      100000       1        89931        1        89931   
   90.0       8186      100000       1        89859        1        89859   
   90.1       8151      100000       1        89986        1        89986   
   90.2       8158      100000       1        90021        1        90021   
   90.3       8091      100000       1        89964        1        89964   
   90.4       8067      100000       1        89976        1        89976   
   90.5       8130      100000       1        89977        1        89977   
   90.6       8010      100000       1        90243        1        90243   
   90.7       7941      100000       1        90079        1        90079   
   90.8       8256      100000       1        89708        1        89708   
   90.9       8400      100000       1        89468        1        89468   
   91.0       8555      100000       1        89361        1        89361   
   91.1       8293      100000       1        89605        1        89605   
   91.2       8228      100000       1        89736        1        89736   
   91.3       8304      100000       1        89635        1        89635   
   91.4       8355      100000       1        89580        1        89580   
   91.5       8338      100000       1        89518        1        89518   
   91.6       8681      100000       1        89150        1        89150   
   91.7       8687      100000       1        89025        1        89025   
   91.8       8780      100000       1        88872        1        88872   
   91.9       8634      100000       1        89100        1        89100   
   92.0       8535      100000       1        89206        1        89206   
   92.1       8473      100000       1        89436        1        89436   
   92.2       8454      100000       1        89530        1        89530   
   92.3       8356      100000       1        89483        1        89483   
   92.4       8396      100000       1        89467        1        89467   
   92.5       8470      100000       1        89406        1        89406   
   92.6       8482      100000       1        89367        1        89367   
   92.7       8522      100000       1        89423        1        89423   
   92.8       8609      100000       1        89040        1        89040   
   92.9       8670      100000       1        89176        1        89176   
   93.0       8429      100000       1        89313        1        89313   
   93.1       8541      100000       1        89409        1        89409   
   93.2       8431      100000       1        89465        1        89465   
   93.3       8332      100000       1        89544        1        89544   
   93.4       8354      100000       1        89581        1        89581   
   93.5       8161      100000       1        89828        1        89828   
   93.6       8023      100000       1        90118        1        90118   
   93.7       8194      100000       1        89848        1        89848   
   93.8       8300      100000       1        89515        1        89515   
   93.9       8319      100000       1        89583        1        89583   
   94.0       8287      100000       1        89542        1        89542   
   94.1       8243      100000       1        89739        1        89739   
   94.2       8225      100000       1        89788        1        89788   
   94.3       8337      100000       1        89636        1        89636   
   94.4       8401      100000       1        89533        1        89533   
   94.5       8426      100000       1        89396        1        89396   
   94.6       8563      100000       1        89264        1        89264   
   94.7       8490      100000       1        89381        1        89381   
   94.8       8372      100000       1        89400        1        89400   
   94.9       8470      100000       1        89514        1        89514   
   95.0       8411      100000       1        89550        1        89550   
   95.1       8381      100000       1        89472        1        89472   
   95.2       8405      100000       1        89610        1        89610   
   95.3       8195      100000       1        89748        1        89748   
   95.4       8277      100000       1        89702        1        89702   
   95.5       8120      100000       1        89885        1        89885   
   95.6       8055      100000       1        90036        1        90036   
   95.7       8081      100000       1        90061        1        90061   
   95.8       7901      100000       1        90331        1        90331   
   95.9       7720      100000       1        90668        1        90668   
   96.0       7541      100000       1        90829        1        90829   
   96.1       7679      100000       1        90654        1        90654   
   96.2       7713      100000       1        90632        1        90632   
   96.3       7811      100000       1        90480        1        90480   
   96.4       7753      100000       1        90356        1        90356   
   96.5       8051      100000       1        90062        1        90062   
   96.6       8345      100000       1        89592        1        89592   
   96.7       8623      100000       1        89169        1        89169   
   96.8       8858      100000       1        88717        1        88717   
   96.9       8943      100000       1        88492        1        88492   
   97.0       9035      100000       1        88471        1        88471   
   97.1       9080      100000       1        88410        1        88410   
   97.2       8963      100000       1        88526        1        88526   
   97.3       8848      100000       1        88730        1        88730   
   97.4       8736      100000       1        89015        1        89015   
   97.5       8517      100000       1        89331        1        89331   
   97.6       8503      100000       1        89463        1        89463   
   97.7       8646      100000       1        89146        1        89146   
   97.8       8503      100000       1        89309        1        89309   
   97.9       8563      100000       1        89291        1        89291   
   98.0       8496      100000       1        89318        1        89318   
   98.1       8570      100000       1        89305        1        89305   
   98.2       8436      100000       1        89481        1        89481   
   98.3       8353      100000       1        89713        1        89713   
   98.4       8380      100000       1        89610        1        89610   
   98.5       8248      100000       1        89744        1        89744   
   98.6       8092      100000       1        89992        1        89992   
   98.7       8120      100000       1        89996        1        89996   
   98.8       8145      100000       1        89914        1        89914   
   98.9       8062      100000       1        90066        1        90066   
   99.0       7972      100000       1        90158        1        90158   
   99.1       7964      100000       1        90201        1        90201   
   99.2       8137      100000       1        89931        1        89931   
   99.3       8083      100000       1        90020        1        90020   
   99.4       8191      100000       1        89875        1        89875   
   99.5       8287      100000       1        89705        1        89705   
   99.6       8300      100000       2        89537        1        89511   
   99.7       8328      100000       1        89489        1        89489   
   99.8       8587      100000       1        89242        1        89242   
   99.9       8622      100000       1        89278        1        89278   
