 Timestep   N_clusts  all_parts  thr_clusts thr_parts  thr_c1000  thr_p1000 
   0.0       83163      100000       0          0          0          0     
   0.1       12767      100000      370       74786        15       25126   
   0.2       12935      100000      405       73600        15       25396   
   0.3       13333      100000      430       72964        13       26096   
   0.4       13552      100000      416       71958        17       31347   
   0.5       13487      100000      378       72002        18       36434   
   0.6       13521      100000      406       72599        16       31888   
   0.7       13928      100000      392       71275        19       33571   
   0.8       14134      100000      430       70907        20       35553   
   0.9       14434      100000      399       69907        19       38198   
   1.0       14745      100000      420       68833        16       39084   
   1.1       15145      100000      439       67856        15       37772   
   1.2       15549      100000      405       67430        19       41985   
   1.3       15951      100000      385       66425        19       46466   
   1.4       16615      100000      330       64700        18       47542   
   1.5       16698      100000      293       65370        17       51793   
   1.6       16809      100000      244       65637        15       52905   
   1.7       16878      100000      217       65797        14       55864   
   1.8       17228      100000      169       66231        14       58945   
   1.9       17066      100000      122       67084        14       62769   
   2.0       16899      100000       80       68283        12       65496   
   2.1       16481      100000       46       70664        12       69003   
   2.2       16021      100000       28       72920        12       71841   
   2.3       15599      100000       20       74414        9        72739   
   2.4       15180      100000       18       75771        8        74677   
   2.5       14886      100000       15       76882        7        75356   
   2.6       14338      100000       14       77920        7        77116   
   2.7       14074      100000       9        79070        7        78568   
   2.8       13505      100000       8        80329        7        80126   
   2.9       13089      100000       7        81414        7        81414   
   3.0       12696      100000       8        82032        6        81008   
   3.1       12567      100000       9        82192        6        81436   
   3.2       12771      100000       9        82181        6        81620   
   3.3       12748      100000       7        82107        6        81904   
   3.4       12771      100000       8        81925        6        81876   
   3.5       12795      100000       6        82143        6        82143   
   3.6       12536      100000       7        82390        6        82365   
   3.7       12589      100000       7        82650        6        82629   
   3.8       12515      100000       6        82502        6        82502   
   3.9       12525      100000       7        82750        6        82728   
   4.0       12349      100000       7        82866        6        82832   
   4.1       12484      100000       6        82944        6        82944   
   4.2       12484      100000       6        82731        6        82731   
   4.3       12301      100000       6        82864        6        82864   
   4.4       12379      100000       6        83092        6        83092   
   4.5       12192      100000       7        83158        6        83137   
   4.6       12424      100000       7        82973        6        82947   
   4.7       12358      100000       6        82889        5        82017   
   4.8       12399      100000       6        82715        5        82202   
   4.9       12371      100000       8        82557        5        82312   
   5.0       12574      100000       5        82477        4        81637   
   5.1       12300      100000       5        82949        4        82315   
   5.2       12324      100000       6        83090        4        82702   
   5.3       12371      100000       5        82905        4        82846   
   5.4       12424      100000       4        83045        4        83045   
   5.5       12259      100000       4        83229        4        83229   
   5.6       12341      100000       5        83086        4        83065   
   5.7       12349      100000       4        83056        4        83056   
   5.8       12354      100000       4        83187        4        83187   
   5.9       12132      100000       5        83426        4        83402   
   6.0       11963      100000       4        83882        4        83882   
   6.1       11909      100000       4        83898        4        83898   
   6.2       11842      100000       4        83989        4        83989   
   6.3       11912      100000       4        83978        4        83978   
   6.4       11959      100000       4        83768        4        83768   
   6.5       12040      100000       5        83601        4        83579   
   6.6       12296      100000       4        83286        4        83286   
   6.7       12379      100000       4        83036        4        83036   
   6.8       12325      100000       4        82904        4        82904   
   6.9       12445      100000       4        82896        4        82896   
   7.0       12335      100000       4        83069        4        83069   
   7.1       12091      100000       4        83322        4        83322   
   7.2       12098      100000       4        83550        4        83550   
   7.3       11983      100000       4        83755        4        83755   
   7.4       12144      100000       4        83667        4        83667   
   7.5       12006      100000       5        83606        4        83583   
   7.6       12079      100000       4        83481        4        83481   
   7.7       12104      100000       5        83482        4        83456   
   7.8       12180      100000       4        83379        4        83379   
   7.9       12240      100000       4        83223        4        83223   
   8.0       12234      100000       4        83369        4        83369   
   8.1       12051      100000       4        83455        4        83455   
   8.2       12229      100000       4        83530        4        83530   
   8.3       12075      100000       4        83675        4        83675   
   8.4       12241      100000       4        83521        4        83521   
   8.5       12148      100000       4        83344        4        83344   
   8.6       12077      100000       4        83473        4        83473   
   8.7       12113      100000       4        83535        4        83535   
   8.8       12162      100000       4        83500        4        83500   
   8.9       12186      100000       4        83233        4        83233   
   9.0       12222      100000       4        83283        4        83283   
   9.1       12457      100000       5        83081        4        83037   
   9.2       12329      100000       4        83115        4        83115   
   9.3       12378      100000       4        83091        4        83091   
   9.4       12444      100000       4        83080        4        83080   
   9.5       12195      100000       4        83408        4        83408   
   9.6       12045      100000       5        83558        4        83537   
   9.7       12063      100000       4        83744        4        83744   
   9.8       12092      100000       4        83592        4        83592   
   9.9       12217      100000       4        83428        4        83428   
   10.0      12202      100000       4        83423        4        83423   
   10.1      11979      100000       5        83945        4        83922   
   10.2      11856      100000       4        84098        4        84098   
   10.3      11824      100000       5        84135        4        84110   
   10.4      11758      100000       4        84161        4        84161   
   10.5      11673      100000       4        84268        4        84268   
   10.6      12006      100000       4        83804        4        83804   
   10.7      12047      100000       4        83807        4        83807   
   10.8      12007      100000       4        83693        4        83693   
   10.9      12096      100000       4        83671        4        83671   
   11.0      11890      100000       4        83981        4        83981   
   11.1      11738      100000       4        84283        4        84283   
   11.2      11750      100000       4        84309        4        84309   
   11.3      11603      100000       4        84431        4        84431   
   11.4      11797      100000       4        84290        4        84290   
   11.5      11813      100000       4        84036        4        84036   
   11.6      12022      100000       4        83795        4        83795   
   11.7      11901      100000       4        83895        4        83895   
   11.8      11732      100000       4        84172        4        84172   
   11.9      11714      100000       4        84330        4        84330   
   12.0      11679      100000       4        84303        4        84303   
   12.1      11790      100000       6        84288        4        84240   
   12.2      11852      100000       5        84012        4        83991   
   12.3      11926      100000       4        83677        4        83677   
   12.4      12154      100000       4        83648        4        83648   
   12.5      12065      100000       4        83472        4        83472   
   12.6      12274      100000       4        83212        4        83212   
   12.7      12392      100000       5        82970        4        82949   
   12.8      12520      100000       4        82722        4        82722   
   12.9      12631      100000       4        82530        4        82530   
   13.0      12527      100000       7        82708        4        82643   
   13.1      12442      100000       4        82958        4        82958   
   13.2      12214      100000       5        83275        4        83245   
   13.3      12236      100000       5        83444        4        83421   
   13.4      12139      100000       5        83460        4        83439   
   13.5      12147      100000       5        83457        4        83434   
   13.6      12071      100000       4        83771        4        83771   
   13.7      11856      100000       4        83958        4        83958   
   13.8      11974      100000       4        83953        4        83953   
   13.9      11892      100000       4        83868        4        83868   
   14.0      11968      100000       4        83742        4        83742   
   14.1      11954      100000       4        83920        4        83920   
   14.2      11812      100000       4        84149        4        84149   
   14.3      11619      100000       4        84447        4        84447   
   14.4      11680      100000       4        84402        4        84402   
   14.5      11789      100000       4        84193        4        84193   
   14.6      12035      100000       4        83844        4        83844   
   14.7      11963      100000       4        83715        4        83715   
   14.8      12116      100000       4        83496        4        83496   
   14.9      12154      100000       4        83478        4        83478   
   15.0      12120      100000       5        83556        4        83531   
   15.1      11981      100000       4        83714        4        83714   
   15.2      12016      100000       4        83754        4        83754   
   15.3      11976      100000       4        83899        4        83899   
   15.4      11888      100000       4        83993        4        83993   
   15.5      11740      100000       4        84095        4        84095   
   15.6      11767      100000       4        84001        4        84001   
   15.7      11734      100000       4        84160        4        84160   
   15.8      11709      100000       4        84438        4        84438   
   15.9      11662      100000       4        84268        4        84268   
   16.0      11593      100000       4        84262        4        84262   
   16.1      11861      100000       5        84027        4        84006   
   16.2      11767      100000       4        84118        4        84118   
   16.3      11715      100000       4        84300        4        84300   
   16.4      11759      100000       4        84308        4        84308   
   16.5      11759      100000       4        84298        4        84298   
   16.6      11720      100000       4        84010        4        84010   
   16.7      11885      100000       5        83972        4        83948   
   16.8      11810      100000       4        83879        4        83879   
   16.9      11912      100000       4        83910        4        83910   
   17.0      12062      100000       4        83945        4        83945   
   17.1      11843      100000       5        84065        4        84044   
   17.2      12019      100000       4        83917        4        83917   
   17.3      12274      100000       4        83477        4        83477   
   17.4      12054      100000       4        83514        4        83514   
   17.5      12118      100000       4        83516        4        83516   
   17.6      12154      100000       4        83372        4        83372   
   17.7      12030      100000       4        83528        4        83528   
   17.8      12038      100000       4        83634        4        83634   
   17.9      11917      100000       4        83952        4        83952   
   18.0      11966      100000       4        83891        4        83891   
   18.1      11911      100000       4        83809        4        83809   
   18.2      12138      100000       5        83649        4        83626   
   18.3      12092      100000       4        83619        4        83619   
   18.4      12069      100000       4        83756        4        83756   
   18.5      11932      100000       4        83919        4        83919   
   18.6      12003      100000       4        83829        4        83829   
   18.7      12018      100000       4        83903        4        83903   
   18.8      11872      100000       5        84093        4        84069   
   18.9      11922      100000       4        83644        4        83644   
   19.0      12215      100000       4        83528        4        83528   
   19.1      12164      100000       4        83471        4        83471   
   19.2      12135      100000       4        83531        4        83531   
   19.3      11995      100000       4        83775        4        83775   
   19.4      11947      100000       4        83690        4        83690   
   19.5      11934      100000       4        83955        4        83955   
   19.6      12005      100000       4        83734        4        83734   
   19.7      11948      100000       4        83632        4        83632   
   19.8      12218      100000       4        83416        4        83416   
   19.9      12207      100000       5        83567        4        83546   
   20.0      12041      100000       4        83634        4        83634   
   20.1      12024      100000       4        83641        4        83641   
   20.2      12266      100000       4        83387        4        83387   
   20.3      12152      100000       4        83387        4        83387   
   20.4      12258      100000       5        83473        4        83451   
   20.5      12120      100000       4        83564        4        83564   
   20.6      12219      100000       4        83415        4        83415   
   20.7      12201      100000       4        83319        4        83319   
   20.8      12284      100000       4        83372        4        83372   
   20.9      12149      100000       4        83543        4        83543   
   21.0      11938      100000       4        83644        4        83644   
   21.1      11991      100000       4        83867        4        83867   
   21.2      11971      100000       4        83833        4        83833   
   21.3      11896      100000       4        83905        4        83905   
   21.4      11899      100000       4        83953        4        83953   
   21.5      12032      100000       4        83554        4        83554   
   21.6      12109      100000       4        83677        4        83677   
   21.7      12171      100000       4        83520        4        83520   
   21.8      12094      100000       4        83501        4        83501   
   21.9      12193      100000       4        83545        4        83545   
   22.0      12220      100000       5        83408        4        83387   
   22.1      12158      100000       4        83472        4        83472   
   22.2      12108      100000       4        83458        4        83458   
   22.3      12028      100000       4        83727        4        83727   
   22.4      12040      100000       4        83726        4        83726   
   22.5      12104      100000       4        83680        4        83680   
   22.6      12099      100000       4        83627        4        83627   
   22.7      12076      100000       4        83707        4        83707   
   22.8      12068      100000       4        83612        4        83612   
   22.9      12113      100000       4        83708        4        83708   
   23.0      11934      100000       4        83948        4        83948   
   23.1      12063      100000       5        83853        4        83831   
   23.2      12020      100000       4        83705        4        83705   
   23.3      11879      100000       4        83826        4        83826   
   23.4      11920      100000       4        83996        4        83996   
   23.5      11857      100000       4        83889        4        83889   
   23.6      12129      100000       4        83556        4        83556   
   23.7      12203      100000       5        83498        4        83476   
   23.8      12330      100000       4        83175        4        83175   
   23.9      12402      100000       4        82927        4        82927   
   24.0      12486      100000       5        82838        4        82814   
   24.1      12513      100000       4        82952        4        82952   
   24.2      12429      100000       4        82887        4        82887   
   24.3      12348      100000       4        83008        4        83008   
   24.4      12362      100000       5        83213        4        83185   
   24.5      12119      100000       4        83382        4        83382   
   24.6      12049      100000       4        83561        4        83561   
   24.7      12087      100000       4        83571        4        83571   
   24.8      12183      100000       4        83328        4        83328   
   24.9      12349      100000       4        83008        4        83008   
   25.0      12406      100000       4        82721        4        82721   
   25.1      12477      100000       4        82735        4        82735   
   25.2      12418      100000       4        82852        4        82852   
   25.3      12508      100000       4        82949        4        82949   
   25.4      12449      100000       4        83003        4        83003   
   25.5      12106      100000       4        83551        4        83551   
   25.6      11946      100000       4        83826        4        83826   
   25.7      11774      100000       4        84193        4        84193   
   25.8      11711      100000       5        84313        4        84290   
   25.9      11911      100000       4        83955        4        83955   
   26.0      12160      100000       4        83506        4        83506   
   26.1      12049      100000       5        83673        4        83632   
   26.2      11989      100000       6        83952        4        83908   
   26.3      11906      100000       4        83959        4        83959   
   26.4      11931      100000       4        83829        4        83829   
   26.5      12042      100000       4        83627        4        83627   
   26.6      12051      100000       4        83510        4        83510   
   26.7      12187      100000       4        83415        4        83415   
   26.8      12124      100000       4        83656        4        83656   
   26.9      11908      100000       4        83950        4        83950   
   27.0      11899      100000       4        84097        4        84097   
   27.1      11804      100000       4        84227        4        84227   
   27.2      11749      100000       4        84427        4        84427   
   27.3      11608      100000       4        84557        4        84557   
   27.4      11645      100000       5        84508        4        84479   
   27.5      11681      100000       4        84296        4        84296   
   27.6      11850      100000       4        83935        4        83935   
   27.7      12003      100000       4        83686        4        83686   
   27.8      12046      100000       4        83690        4        83690   
   27.9      12107      100000       4        83634        4        83634   
   28.0      12109      100000       4        83388        4        83388   
   28.1      12319      100000       5        83326        4        83304   
   28.2      12385      100000       4        82874        4        82874   
   28.3      12392      100000       4        82883        4        82883   
   28.4      12244      100000       5        83028        4        83005   
   28.5      12297      100000       4        82990        4        82990   
   28.6      12294      100000       5        83170        4        83149   
   28.7      12393      100000       5        82839        4        82813   
   28.8      12560      100000       4        82717        4        82717   
   28.9      12508      100000       4        82692        4        82692   
   29.0      12668      100000       4        82847        4        82847   
   29.1      12580      100000       4        82905        4        82905   
   29.2      12400      100000       4        83079        4        83079   
   29.3      12281      100000       4        83356        4        83356   
   29.4      12182      100000       6        83511        4        83460   
   29.5      12086      100000       4        83746        4        83746   
   29.6      12050      100000       4        83764        4        83764   
   29.7      11986      100000       4        83908        4        83908   
   29.8      11857      100000       4        83994        4        83994   
   29.9      12063      100000       4        83798        3        82976   
   30.0      12067      100000       4        83839        3        83272   
   30.1      12229      100000       4        83429        3        83214   
   30.2      12296      100000       3        83348        3        83348   
   30.3      12082      100000       3        83505        3        83505   
   30.4      11946      100000       3        83836        3        83836   
   30.5      11942      100000       3        83897        3        83897   
   30.6      11800      100000       4        84071        3        84048   
   30.7      11898      100000       3        84127        3        84127   
   30.8      11619      100000       3        84159        3        84159   
   30.9      11667      100000       3        84327        3        84327   
   31.0      11523      100000       3        84544        3        84544   
   31.1      11523      100000       3        84653        3        84653   
   31.2      11611      100000       3        84518        3        84518   
   31.3      11574      100000       3        84678        3        84678   
   31.4      11579      100000       3        84820        3        84820   
   31.5      11456      100000       3        84746        3        84746   
   31.6      11752      100000       5        84273        3        84226   
   31.7      11832      100000       3        84184        3        84184   
   31.8      11814      100000       4        84030        3        84008   
   31.9      11952      100000       4        83761        3        83730   
   32.0      12090      100000       3        83510        3        83510   
   32.1      12405      100000       3        83044        3        83044   
   32.2      12496      100000       3        83000        3        83000   
   32.3      12517      100000       3        82810        2        82183   
   32.4      12581      100000       7        82511        2        82246   
   32.5      12675      100000       2        82484        2        82484   
   32.6      12531      100000       2        82777        2        82777   
   32.7      12375      100000       2        83193        2        83193   
   32.8      12188      100000       3        83567        2        83544   
   32.9      12049      100000       2        83753        2        83753   
   33.0      11990      100000       3        83821        2        83800   
   33.1      11846      100000       2        84125        2        84125   
   33.2      11837      100000       2        84276        2        84276   
   33.3      11755      100000       2        84510        2        84510   
   33.4      11483      100000       3        84847        2        84824   
   33.5      11439      100000       2        84971        2        84971   
   33.6      11222      100000       2        85187        2        85187   
   33.7      11160      100000       2        85232        2        85232   
   33.8      11200      100000       2        85286        2        85286   
   33.9      11241      100000       2        85093        2        85093   
   34.0      11275      100000       2        85164        2        85164   
   34.1      11378      100000       2        85020        2        85020   
   34.2      11505      100000       2        84911        2        84911   
   34.3      11435      100000       2        84911        2        84911   
   34.4      11498      100000       2        84789        2        84789   
   34.5      11427      100000       2        84870        2        84870   
   34.6      11496      100000       2        84749        2        84749   
   34.7      11618      100000       2        84471        2        84471   
   34.8      11727      100000       3        84491        2        84464   
   34.9      11769      100000       2        84398        2        84398   
   35.0      11710      100000       2        84493        2        84493   
   35.1      11537      100000       2        84699        2        84699   
   35.2      11425      100000       2        84965        2        84965   
   35.3      11488      100000       2        84930        2        84930   
   35.4      11335      100000       2        85119        2        85119   
   35.5      11373      100000       2        85068        2        85068   
   35.6      11290      100000       2        85203        2        85203   
   35.7      11251      100000       2        85299        2        85299   
   35.8      11237      100000       2        85348        2        85348   
   35.9      11184      100000       2        85239        2        85239   
   36.0      11063      100000       2        85380        2        85380   
   36.1      11220      100000       2        85377        2        85377   
   36.2      11204      100000       2        85309        2        85309   
   36.3      11242      100000       2        85224        2        85224   
   36.4      11381      100000       2        85150        2        85150   
   36.5      11320      100000       2        85080        2        85080   
   36.6      11389      100000       2        84935        2        84935   
   36.7      11399      100000       2        85151        2        85151   
   36.8      11411      100000       2        85036        2        85036   
   36.9      11379      100000       2        85118        2        85118   
   37.0      11482      100000       2        84928        2        84928   
   37.1      11623      100000       2        84633        2        84633   
   37.2      11620      100000       2        84657        2        84657   
   37.3      11636      100000       2        84316        2        84316   
   37.4      11859      100000       2        84209        2        84209   
   37.5      11829      100000       2        84189        2        84189   
   37.6      11774      100000       2        84235        2        84235   
   37.7      11816      100000       2        84108        2        84108   
   37.8      11690      100000       2        84467        2        84467   
   37.9      11390      100000       2        84734        2        84734   
   38.0      11505      100000       2        84728        2        84728   
   38.1      11480      100000       2        84727        2        84727   
   38.2      11532      100000       4        84765        2        84707   
   38.3      11554      100000       2        84619        2        84619   
   38.4      11678      100000       2        84526        2        84526   
   38.5      11649      100000       2        84438        2        84438   
   38.6      11635      100000       2        84470        2        84470   
   38.7      11767      100000       2        84321        2        84321   
   38.8      11667      100000       2        84560        2        84560   
   38.9      11553      100000       2        84916        2        84916   
   39.0      11437      100000       2        84956        2        84956   
   39.1      11466      100000       2        84999        2        84999   
   39.2      11358      100000       2        84971        2        84971   
   39.3      11310      100000       2        85067        2        85067   
   39.4      11211      100000       2        85299        2        85299   
   39.5      11287      100000       2        85320        2        85320   
   39.6      11118      100000       2        85317        2        85317   
   39.7      11098      100000       2        85217        2        85217   
   39.8      11251      100000       2        85178        2        85178   
   39.9      11331      100000       2        84984        2        84984   
   40.0      11377      100000       2        85050        2        85050   
   40.1      11446      100000       2        84957        2        84957   
   40.2      11636      100000       2        84535        2        84535   
   40.3      11647      100000       2        84388        2        84388   
   40.4      11854      100000       2        84195        2        84195   
   40.5      11841      100000       2        84110        2        84110   
   40.6      12106      100000       2        83911        2        83911   
   40.7      11908      100000       2        83955        2        83955   
   40.8      11960      100000       2        83923        2        83923   
   40.9      11917      100000       2        84160        2        84160   
   41.0      11688      100000       2        84248        2        84248   
   41.1      11650      100000       2        84285        2        84285   
   41.2      12006      100000       2        83971        2        83971   
   41.3      11942      100000       2        83975        2        83975   
   41.4      11928      100000       2        84206        2        84206   
   41.5      11753      100000       2        84354        2        84354   
   41.6      11849      100000       2        84371        2        84371   
   41.7      11676      100000       2        84480        2        84480   
   41.8      11526      100000       2        84794        2        84794   
   41.9      11580      100000       2        84834        2        84834   
   42.0      11474      100000       2        84959        2        84959   
   42.1      11245      100000       2        85220        2        85220   
   42.2      11247      100000       2        85474        2        85474   
   42.3      11028      100000       2        85601        2        85601   
   42.4      11172      100000       2        85483        2        85483   
   42.5      11193      100000       2        85232        2        85232   
   42.6      11393      100000       2        85037        2        85037   
   42.7      11435      100000       2        84861        2        84861   
   42.8      11521      100000       2        84694        2        84694   
   42.9      11714      100000       3        84361        2        84338   
   43.0      11629      100000       2        84464        2        84464   
   43.1      11550      100000       2        84620        2        84620   
   43.2      11554      100000       3        84748        2        84723   
   43.3      11369      100000       2        84955        2        84955   
   43.4      11318      100000       2        85083        2        85083   
   43.5      11281      100000       2        85065        2        85065   
   43.6      11374      100000       2        85131        2        85131   
   43.7      11415      100000       2        85040        2        85040   
   43.8      11281      100000       2        84927        2        84927   
   43.9      11495      100000       2        84820        2        84820   
   44.0      11499      100000       2        84787        2        84787   
   44.1      11560      100000       3        84656        2        84630   
   44.2      11567      100000       3        84716        2        84693   
   44.3      11636      100000       2        84506        2        84506   
   44.4      11578      100000       2        84631        2        84631   
   44.5      11809      100000       2        84423        2        84423   
   44.6      11564      100000       2        84459        2        84459   
   44.7      11715      100000       2        84428        2        84428   
   44.8      11766      100000       2        84330        2        84330   
   44.9      11701      100000       2        84336        2        84336   
   45.0      11935      100000       2        84171        2        84171   
   45.1      11744      100000       2        84362        2        84362   
   45.2      11654      100000       2        84431        2        84431   
   45.3      11592      100000       2        84641        2        84641   
   45.4      11459      100000       3        84871        2        84849   
   45.5      11578      100000       2        84862        2        84862   
   45.6      11560      100000       2        84742        2        84742   
   45.7      11565      100000       2        84672        2        84672   
   45.8      11559      100000       2        84746        2        84746   
   45.9      11499      100000       2        84869        2        84869   
   46.0      11507      100000       2        84867        2        84867   
   46.1      11373      100000       2        84986        2        84986   
   46.2      11355      100000       2        85020        2        85020   
   46.3      11443      100000       2        85026        2        85026   
   46.4      11526      100000       2        84692        2        84692   
   46.5      11484      100000       3        84757        2        84736   
   46.6      11599      100000       2        84665        2        84665   
   46.7      11532      100000       2        84489        2        84489   
   46.8      11702      100000       2        84420        2        84420   
   46.9      11464      100000       3        84518        2        84486   
   47.0      11709      100000       2        84555        2        84555   
   47.1      11580      100000       2        84592        2        84592   
   47.2      11560      100000       2        84565        2        84565   
   47.3      11708      100000       2        84534        2        84534   
   47.4      11637      100000       2        84485        2        84485   
   47.5      11652      100000       2        84393        2        84393   
   47.6      11776      100000       3        84365        2        84344   
   47.7      11670      100000       2        84244        2        84244   
   47.8      11878      100000       2        84168        2        84168   
   47.9      11866      100000       2        84137        2        84137   
   48.0      11907      100000       2        84176        2        84176   
   48.1      11895      100000       2        84079        2        84079   
   48.2      11948      100000       2        83934        2        83934   
   48.3      11877      100000       2        83851        2        83851   
   48.4      12147      100000       2        83812        2        83812   
   48.5      12036      100000       2        83893        2        83893   
   48.6      11817      100000       2        84008        2        84008   
   48.7      11769      100000       2        84098        2        84098   
   48.8      11729      100000       2        84307        2        84307   
   48.9      11624      100000       2        84357        2        84357   
   49.0      11675      100000       2        84571        2        84571   
   49.1      11600      100000       2        84519        2        84519   
   49.2      11491      100000       2        84748        2        84748   
   49.3      11610      100000       2        84654        2        84654   
   49.4      11497      100000       2        84669        2        84669   
   49.5      11503      100000       2        84775        2        84775   
   49.6      11561      100000       2        84710        2        84710   
   49.7      11727      100000       2        84446        2        84446   
   49.8      11578      100000       2        84489        2        84489   
   49.9      11650      100000       2        84498        2        84498   
   50.0      11493      100000       3        84614        2        84588   
   50.1      11710      100000       2        84629        2        84629   
   50.2      11604      100000       2        84489        2        84489   
   50.3      11637      100000       2        84454        2        84454   
   50.4      11751      100000       2        84363        2        84363   
   50.5      11627      100000       2        84517        2        84517   
   50.6      11658      100000       2        84591        2        84591   
   50.7      11524      100000       2        84729        2        84729   
   50.8      11406      100000       2        84968        2        84968   
   50.9      11422      100000       2        84976        2        84976   
   51.0      11282      100000       2        85021        2        85021   
   51.1      11400      100000       2        84998        2        84998   
   51.2      11423      100000       3        84931        2        84890   
   51.3      11309      100000       2        85003        2        85003   
   51.4      11491      100000       2        84759        2        84759   
   51.5      11606      100000       2        84554        2        84554   
   51.6      11684      100000       2        84527        2        84527   
   51.7      11639      100000       2        84491        2        84491   
   51.8      11611      100000       2        84670        2        84670   
   51.9      11512      100000       2        84619        2        84619   
   52.0      11476      100000       2        84712        2        84712   
   52.1      11538      100000       2        84862        2        84862   
   52.2      11212      100000       2        85229        2        85229   
   52.3      11103      100000       2        85544        2        85544   
   52.4      11043      100000       2        85459        2        85459   
   52.5      11286      100000       2        85233        2        85233   
   52.6      11317      100000       2        85007        2        85007   
   52.7      11452      100000       2        84898        2        84898   
   52.8      11521      100000       2        84901        2        84901   
   52.9      11382      100000       2        84987        2        84987   
   53.0      11549      100000       3        84782        2        84755   
   53.1      11533      100000       2        84607        2        84607   
   53.2      11782      100000       3        84354        2        84329   
   53.3      11646      100000       2        84424        2        84424   
   53.4      11665      100000       2        84507        2        84507   
   53.5      11565      100000       2        84513        2        84513   
   53.6      11700      100000       2        84491        2        84491   
   53.7      11619      100000       2        84556        2        84556   
   53.8      11565      100000       2        84735        2        84735   
   53.9      11403      100000       2        84951        2        84951   
   54.0      11408      100000       2        85001        2        85001   
   54.1      11390      100000       2        84997        2        84997   
   54.2      11354      100000       2        85045        2        85045   
   54.3      11281      100000       2        85179        2        85179   
   54.4      11270      100000       2        85211        2        85211   
   54.5      11227      100000       2        85171        2        85171   
   54.6      11218      100000       2        85178        2        85178   
   54.7      11215      100000       2        85185        2        85185   
   54.8      11265      100000       2        85118        2        85118   
   54.9      11520      100000       2        84804        2        84804   
   55.0      11536      100000       2        84650        2        84650   
   55.1      11638      100000       2        84521        2        84521   
   55.2      11600      100000       2        84572        2        84572   
   55.3      11567      100000       2        84613        2        84613   
   55.4      11546      100000       2        84651        2        84651   
   55.5      11569      100000       2        84834        2        84834   
   55.6      11252      100000       2        85156        2        85156   
   55.7      11211      100000       2        85305        2        85305   
   55.8      11141      100000       2        85396        2        85396   
   55.9      11077      100000       2        85399        2        85399   
   56.0      11132      100000       2        85438        2        85438   
   56.1      11127      100000       2        85424        2        85424   
   56.2      11183      100000       2        85230        2        85230   
   56.3      11218      100000       2        85056        2        85056   
   56.4      11404      100000       2        84917        2        84917   
   56.5      11505      100000       2        84788        2        84788   
   56.6      11584      100000       3        84821        2        84799   
   56.7      11479      100000       2        84779        2        84779   
   56.8      11418      100000       2        84710        2        84710   
   56.9      11432      100000       3        84802        2        84770   
   57.0      11503      100000       2        84689        2        84689   
   57.1      11605      100000       2        84632        2        84632   
   57.2      11695      100000       2        84493        2        84493   
   57.3      11733      100000       2        84398        2        84398   
   57.4      11632      100000       2        84459        2        84459   
   57.5      11770      100000       2        84295        2        84295   
   57.6      11735      100000       2        84314        2        84314   
   57.7      11722      100000       2        84186        2        84186   
   57.8      11850      100000       2        84163        2        84163   
   57.9      11766      100000       2        84464        2        84464   
   58.0      11400      100000       2        84758        2        84758   
   58.1      11444      100000       2        84840        2        84840   
   58.2      11479      100000       2        84893        2        84893   
   58.3      11479      100000       2        84846        2        84846   
   58.4      11359      100000       2        84873        2        84873   
   58.5      11560      100000       2        84691        2        84691   
   58.6      11562      100000       2        84657        2        84657   
   58.7      11685      100000       2        84636        2        84636   
   58.8      11636      100000       2        84572        2        84572   
   58.9      11668      100000       2        84567        2        84567   
   59.0      11733      100000       2        84556        2        84556   
   59.1      11508      100000       2        84745        2        84745   
   59.2      11413      100000       2        84801        2        84801   
   59.3      11482      100000       2        84789        2        84789   
   59.4      11555      100000       2        84728        2        84728   
   59.5      11564      100000       2        84570        2        84570   
   59.6      11666      100000       2        84582        2        84582   
   59.7      11550      100000       2        84719        2        84719   
   59.8      11648      100000       3        84588        2        84554   
   59.9      11573      100000       2        84599        2        84599   
   60.0      11471      100000       2        84780        2        84780   
   60.1      11438      100000       2        84939        2        84939   
   60.2      11237      100000       2        85178        2        85178   
   60.3      11336      100000       2        85083        2        85083   
   60.4      11336      100000       2        85158        2        85158   
   60.5      11352      100000       2        84994        2        84994   
   60.6      11338      100000       2        85037        2        85037   
   60.7      11216      100000       2        85163        2        85163   
   60.8      11277      100000       2        85155        2        85155   
   60.9      11290      100000       2        85202        2        85202   
   61.0      11354      100000       2        85042        2        85042   
   61.1      11418      100000       2        84987        2        84987   
   61.2      11370      100000       2        84941        2        84941   
   61.3      11535      100000       2        84907        2        84907   
   61.4      11403      100000       2        84859        2        84859   
   61.5      11387      100000       2        84901        2        84901   
   61.6      11335      100000       2        85075        2        85075   
   61.7      11288      100000       2        85047        2        85047   
   61.8      11353      100000       2        85020        2        85020   
   61.9      11466      100000       2        84888        2        84888   
   62.0      11587      100000       2        84727        2        84727   
   62.1      11554      100000       2        84763        2        84763   
   62.2      11413      100000       2        84860        2        84860   
   62.3      11496      100000       2        84780        2        84780   
   62.4      11600      100000       2        84437        2        84437   
   62.5      11669      100000       2        84465        2        84465   
   62.6      11728      100000       2        84343        2        84343   
   62.7      11904      100000       2        84218        2        84218   
   62.8      11950      100000       2        84194        2        84194   
   62.9      11951      100000       2        84080        2        84080   
   63.0      11789      100000       2        84211        2        84211   
   63.1      11921      100000       2        84273        2        84273   
   63.2      11789      100000       2        84319        2        84319   
   63.3      11610      100000       2        84703        2        84703   
   63.4      11614      100000       2        84657        2        84657   
   63.5      11604      100000       2        84749        2        84749   
   63.6      11494      100000       2        84851        2        84851   
   63.7      11512      100000       2        84916        2        84916   
   63.8      11345      100000       2        85031        2        85031   
   63.9      11296      100000       2        85112        2        85112   
   64.0      11362      100000       2        85202        2        85202   
   64.1      11126      100000       2        85285        2        85285   
   64.2      11142      100000       2        85275        2        85275   
   64.3      11168      100000       2        85444        2        85444   
   64.4      11121      100000       2        85303        2        85303   
   64.5      11369      100000       2        85151        2        85151   
   64.6      11412      100000       2        84951        2        84951   
   64.7      11528      100000       3        84864        2        84843   
   64.8      11538      100000       2        84914        2        84914   
   64.9      11508      100000       2        84724        2        84724   
   65.0      11415      100000       2        84919        2        84919   
   65.1      11425      100000       2        84764        2        84764   
   65.2      11548      100000       2        84636        2        84636   
   65.3      11608      100000       2        84473        2        84473   
   65.4      11864      100000       2        84307        2        84307   
   65.5      11728      100000       2        84341        2        84341   
   65.6      11797      100000       2        84373        2        84373   
   65.7      11667      100000       2        84379        2        84379   
   65.8      11814      100000       2        84210        2        84210   
   65.9      11871      100000       2        84113        2        84113   
   66.0      11842      100000       2        83981        2        83981   
   66.1      11899      100000       2        84116        2        84116   
   66.2      11681      100000       2        84368        2        84368   
   66.3      11715      100000       2        84398        2        84398   
   66.4      11794      100000       2        84196        2        84196   
   66.5      11870      100000       2        84248        2        84248   
   66.6      11804      100000       2        84158        2        84158   
   66.7      11931      100000       2        84005        2        84005   
   66.8      11954      100000       2        83963        2        83963   
   66.9      11779      100000       2        84105        2        84105   
   67.0      11840      100000       2        84278        2        84278   
   67.1      11801      100000       2        84355        2        84355   
   67.2      11731      100000       2        84396        2        84396   
   67.3      11522      100000       2        84632        2        84632   
   67.4      11460      100000       2        84679        2        84679   
   67.5      11471      100000       2        84810        2        84810   
   67.6      11501      100000       2        84774        2        84774   
   67.7      11402      100000       3        84796        2        84769   
   67.8      11603      100000       2        84654        2        84654   
   67.9      11575      100000       2        84586        2        84586   
   68.0      11627      100000       2        84509        2        84509   
   68.1      11648      100000       2        84611        2        84611   
   68.2      11664      100000       2        84515        2        84515   
   68.3      11676      100000       2        84295        2        84295   
   68.4      11747      100000       2        84323        2        84323   
   68.5      11617      100000       2        84461        2        84461   
   68.6      11619      100000       2        84631        2        84631   
   68.7      11572      100000       2        84645        2        84645   
   68.8      11548      100000       2        84640        2        84640   
   68.9      11608      100000       2        84534        2        84534   
   69.0      11708      100000       2        84348        2        84348   
   69.1      11864      100000       2        84254        2        84254   
   69.2      11849      100000       2        84072        2        84072   
   69.3      11981      100000       2        84157        2        84157   
   69.4      11822      100000       2        84199        2        84199   
   69.5      11665      100000       2        84414        2        84414   
   69.6      11672      100000       2        84527        2        84527   
   69.7      11567      100000       2        84714        2        84714   
   69.8      11469      100000       2        84813        2        84813   
   69.9      11560      100000       2        84590        2        84590   
   70.0      11635      100000       3        84594        2        84567   
   70.1      11646      100000       2        84421        2        84421   
   70.2      11784      100000       2        84287        2        84287   
   70.3      11902      100000       2        84065        2        84065   
   70.4      11948      100000       2        84141        2        84141   
   70.5      11788      100000       2        84473        2        84473   
   70.6      11603      100000       2        84635        2        84635   
   70.7      11556      100000       2        84805        2        84805   
   70.8      11531      100000       2        84876        2        84876   
   70.9      11408      100000       2        84819        2        84819   
   71.0      11420      100000       3        84797        2        84770   
   71.1      11545      100000       2        84702        2        84702   
   71.2      11641      100000       2        84656        2        84656   
   71.3      11514      100000       2        84763        2        84763   
   71.4      11614      100000       2        84690        2        84690   
   71.5      11745      100000       2        84430        2        84430   
   71.6      11709      100000       2        84305        2        84305   
   71.7      11777      100000       2        84351        2        84351   
   71.8      11743      100000       2        84420        2        84420   
   71.9      11752      100000       2        84337        2        84337   
   72.0      11790      100000       2        84270        2        84270   
   72.1      11733      100000       2        84298        2        84298   
   72.2      11821      100000       2        84190        2        84190   
   72.3      11786      100000       2        84142        2        84142   
   72.4      11827      100000       2        84132        2        84132   
   72.5      11761      100000       3        84220        2        84195   
   72.6      11925      100000       3        83993        2        83972   
   72.7      11936      100000       3        83902        2        83877   
   72.8      12030      100000       2        83832        2        83832   
   72.9      11945      100000       2        83989        2        83989   
   73.0      11980      100000       2        84000        2        84000   
   73.1      11915      100000       2        84019        2        84019   
   73.2      12077      100000       2        83874        2        83874   
   73.3      12031      100000       3        83781        2        83751   
   73.4      11955      100000       2        83758        2        83758   
   73.5      12045      100000       2        83733        2        83733   
   73.6      11930      100000       2        83867        2        83867   
   73.7      12116      100000       2        83565        2        83565   
   73.8      12115      100000       3        83525        2        83504   
   73.9      12150      100000       2        83603        2        83603   
   74.0      12112      100000       2        83445        2        83445   
   74.1      12307      100000       2        83346        1        82392   
   74.2      12139      100000       2        83214        1        82616   
   74.3      12218      100000       2        83346        1        82970   
   74.4      12216      100000       2        83332        1        83210   
   74.5      12144      100000       1        83396        1        83396   
   74.6      12060      100000       1        83729        1        83729   
   74.7      11968      100000       1        84097        1        84097   
   74.8      11896      100000       1        84257        1        84257   
   74.9      11623      100000       1        84531        1        84531   
   75.0      11613      100000       1        84770        1        84770   
   75.1      11236      100000       1        85144        1        85144   
   75.2      11332      100000       1        85275        1        85275   
   75.3      11088      100000       1        85518        1        85518   
   75.4      10960      100000       1        85767        1        85767   
   75.5      10952      100000       1        85787        1        85787   
   75.6      10885      100000       1        85880        1        85880   
   75.7      10817      100000       1        85904        1        85904   
   75.8      11021      100000       1        85870        1        85870   
   75.9      11006      100000       1        85614        1        85614   
   76.0      11056      100000       1        85633        1        85633   
   76.1      11063      100000       1        85627        1        85627   
   76.2      11049      100000       1        85718        1        85718   
   76.3      11026      100000       1        85680        1        85680   
   76.4      10854      100000       1        85746        1        85746   
   76.5      10966      100000       1        85730        1        85730   
   76.6      11015      100000       1        85753        1        85753   
   76.7      11033      100000       1        85625        1        85625   
   76.8      11163      100000       1        85568        1        85568   
   76.9      11146      100000       1        85506        1        85506   
   77.0      11060      100000       1        85664        1        85664   
   77.1      11058      100000       1        85630        1        85630   
   77.2      11194      100000       1        85492        1        85492   
   77.3      11104      100000       1        85456        1        85456   
   77.4      11226      100000       1        85334        1        85334   
   77.5      11267      100000       1        85287        1        85287   
   77.6      11265      100000       1        85316        1        85316   
   77.7      11343      100000       1        85092        1        85092   
   77.8      11527      100000       1        84993        1        84993   
   77.9      11380      100000       1        85035        1        85035   
   78.0      11356      100000       1        85172        1        85172   
   78.1      11206      100000       1        85322        1        85322   
   78.2      11252      100000       1        85313        1        85313   
   78.3      11241      100000       1        85326        1        85326   
   78.4      11224      100000       1        85338        1        85338   
   78.5      11246      100000       1        85383        1        85383   
   78.6      11283      100000       1        85246        1        85246   
   78.7      11320      100000       1        85152        1        85152   
   78.8      11348      100000       1        85168        1        85168   
   78.9      11388      100000       1        85040        1        85040   
   79.0      11348      100000       1        85153        1        85153   
   79.1      11559      100000       1        85049        1        85049   
   79.2      11428      100000       1        85065        1        85065   
   79.3      11461      100000       1        84830        1        84830   
   79.4      11486      100000       1        84946        1        84946   
   79.5      11423      100000       1        85056        1        85056   
   79.6      11439      100000       1        85078        1        85078   
   79.7      11232      100000       1        85209        1        85209   
   79.8      11216      100000       1        85259        1        85259   
   79.9      11306      100000       1        85234        1        85234   
   80.0      11410      100000       1        85016        1        85016   
   80.1      11456      100000       1        84942        1        84942   
   80.2      11421      100000       1        84919        1        84919   
   80.3      11415      100000       1        85042        1        85042   
   80.4      11333      100000       1        85085        1        85085   
   80.5      11330      100000       1        85019        1        85019   
   80.6      11362      100000       1        85055        1        85055   
   80.7      11403      100000       1        85212        1        85212   
   80.8      11259      100000       1        85242        1        85242   
   80.9      11258      100000       1        85306        1        85306   
   81.0      11024      100000       1        85452        1        85452   
   81.1      11155      100000       1        85531        1        85531   
   81.2      11120      100000       1        85587        1        85587   
   81.3      10980      100000       1        85653        1        85653   
   81.4      11075      100000       1        85647        1        85647   
   81.5      11113      100000       1        85651        1        85651   
   81.6      10999      100000       1        85759        1        85759   
   81.7      10984      100000       1        85821        1        85821   
   81.8      10996      100000       1        85768        1        85768   
   81.9      11053      100000       1        85733        1        85733   
   82.0      10997      100000       1        85804        1        85804   
   82.1      10985      100000       1        85717        1        85717   
   82.2      10902      100000       1        85912        1        85912   
   82.3      10818      100000       1        85897        1        85897   
   82.4      10992      100000       1        85939        1        85939   
   82.5      10902      100000       1        85935        1        85935   
   82.6      10934      100000       1        85816        1        85816   
   82.7      10941      100000       1        85696        1        85696   
   82.8      11018      100000       1        85740        1        85740   
   82.9      10923      100000       1        85614        1        85614   
   83.0      11051      100000       1        85446        1        85446   
   83.1      11240      100000       1        85431        1        85431   
   83.2      11218      100000       1        85326        1        85326   
   83.3      11209      100000       1        85366        1        85366   
   83.4      11287      100000       1        85417        1        85417   
   83.5      11181      100000       1        85436        1        85436   
   83.6      11203      100000       1        85432        1        85432   
   83.7      11324      100000       1        85229        1        85229   
   83.8      11375      100000       1        85121        1        85121   
   83.9      11360      100000       2        85120        1        85099   
   84.0      11284      100000       1        85186        1        85186   
   84.1      11298      100000       1        85297        1        85297   
   84.2      11259      100000       1        85269        1        85269   
   84.3      11300      100000       1        85074        1        85074   
   84.4      11436      100000       1        85035        1        85035   
   84.5      11408      100000       1        84924        1        84924   
   84.6      11483      100000       1        84755        1        84755   
   84.7      11663      100000       1        84714        1        84714   
   84.8      11506      100000       2        84777        1        84755   
   84.9      11443      100000       1        84811        1        84811   
   85.0      11497      100000       1        84924        1        84924   
   85.1      11333      100000       1        85130        1        85130   
   85.2      11372      100000       1        85087        1        85087   
   85.3      11398      100000       1        85228        1        85228   
   85.4      11088      100000       1        85540        1        85540   
   85.5      10924      100000       1        85800        1        85800   
   85.6      10918      100000       1        85778        1        85778   
   85.7      11076      100000       1        85709        1        85709   
   85.8      11033      100000       1        85743        1        85743   
   85.9      11034      100000       1        85722        1        85722   
   86.0      10979      100000       1        85906        1        85906   
   86.1      10817      100000       1        86068        1        86068   
   86.2      10876      100000       1        86115        1        86115   
   86.3      10745      100000       1        86174        1        86174   
   86.4      10801      100000       1        85973        1        85973   
   86.5      10911      100000       1        85860        1        85860   
   86.6      10945      100000       1        85983        1        85983   
   86.7      10858      100000       1        85939        1        85939   
   86.8      10793      100000       1        85985        1        85985   
   86.9      10972      100000       1        85816        1        85816   
   87.0      11004      100000       1        85547        1        85547   
   87.1      11162      100000       1        85414        1        85414   
   87.2      11179      100000       1        85472        1        85472   
   87.3      11253      100000       1        85328        1        85328   
   87.4      11222      100000       1        85212        1        85212   
   87.5      11319      100000       1        85334        1        85334   
   87.6      11350      100000       1        85219        1        85219   
   87.7      11129      100000       1        85251        1        85251   
   87.8      11195      100000       1        85224        1        85224   
   87.9      11338      100000       1        85264        1        85264   
   88.0      11175      100000       1        85430        1        85430   
   88.1      11099      100000       1        85662        1        85662   
   88.2      10917      100000       1        85705        1        85705   
   88.3      11018      100000       1        85587        1        85587   
   88.4      11059      100000       1        85532        1        85532   
   88.5      11151      100000       1        85435        1        85435   
   88.6      11190      100000       1        85315        1        85315   
   88.7      11374      100000       1        85150        1        85150   
   88.8      11315      100000       1        85144        1        85144   
   88.9      11278      100000       1        85287        1        85287   
   89.0      11240      100000       1        85254        1        85254   
   89.1      11237      100000       1        85239        1        85239   
   89.2      11321      100000       1        85206        1        85206   
   89.3      11156      100000       1        85252        1        85252   
   89.4      11375      100000       1        85119        1        85119   
   89.5      11452      100000       1        84997        1        84997   
   89.6      11435      100000       1        85009        1        85009   
   89.7      11466      100000       1        84860        1        84860   
   89.8      11581      100000       1        84653        1        84653   
   89.9      11668      100000       1        84554        1        84554   
   90.0      11625      100000       1        84508        1        84508   
   90.1      11478      100000       1        84690        1        84690   
   90.2      11529      100000       1        84714        1        84714   
   90.3      11544      100000       1        84795        1        84795   
   90.4      11345      100000       1        85046        1        85046   
   90.5      11300      100000       1        85211        1        85211   
   90.6      11270      100000       1        85201        1        85201   
   90.7      11326      100000       1        85133        1        85133   
   90.8      11257      100000       1        85334        1        85334   
   90.9      11254      100000       1        85228        1        85228   
   91.0      11280      100000       1        85298        1        85298   
   91.1      11233      100000       1        85351        1        85351   
   91.2      11229      100000       1        85389        1        85389   
   91.3      11121      100000       1        85545        1        85545   
   91.4      11138      100000       1        85399        1        85399   
   91.5      11149      100000       1        85520        1        85520   
   91.6      11255      100000       1        85214        1        85214   
   91.7      11259      100000       2        85219        1        85187   
   91.8      11356      100000       1        85165        1        85165   
   91.9      11269      100000       1        85147        1        85147   
   92.0      11347      100000       2        85159        1        85137   
   92.1      11317      100000       2        85219        1        85197   
   92.2      11393      100000       1        85173        1        85173   
   92.3      11412      100000       1        85044        1        85044   
   92.4      11436      100000       1        84853        1        84853   
   92.5      11494      100000       1        84757        1        84757   
   92.6      11670      100000       1        84670        1        84670   
   92.7      11481      100000       1        84917        1        84917   
   92.8      11348      100000       1        85094        1        85094   
   92.9      11341      100000       1        85177        1        85177   
   93.0      11205      100000       1        85416        1        85416   
   93.1      11183      100000       1        85498        1        85498   
   93.2      11007      100000       1        85553        1        85553   
   93.3      11147      100000       1        85510        1        85510   
   93.4      11059      100000       2        85504        1        85483   
   93.5      11205      100000       1        85279        1        85279   
   93.6      11042      100000       1        85492        1        85492   
   93.7      11230      100000       1        85450        1        85450   
   93.8      11252      100000       1        85279        1        85279   
   93.9      11255      100000       1        85291        1        85291   
   94.0      11247      100000       1        85225        1        85225   
   94.1      11270      100000       1        85241        1        85241   
   94.2      11193      100000       1        85437        1        85437   
   94.3      11220      100000       1        85439        1        85439   
   94.4      11199      100000       1        85546        1        85546   
   94.5      11091      100000       1        85544        1        85544   
   94.6      11117      100000       1        85433        1        85433   
   94.7      11221      100000       1        85305        1        85305   
   94.8      11259      100000       1        85281        1        85281   
   94.9      11222      100000       1        85345        1        85345   
   95.0      11226      100000       1        85450        1        85450   
   95.1      11082      100000       1        85475        1        85475   
   95.2      11131      100000       1        85543        1        85543   
   95.3      10984      100000       1        85672        1        85672   
   95.4      11064      100000       1        85626        1        85626   
   95.5      11055      100000       1        85689        1        85689   
   95.6      10929      100000       1        85771        1        85771   
   95.7      11039      100000       1        85760        1        85760   
   95.8      10858      100000       1        85915        1        85915   
   95.9      10688      100000       1        86179        1        86179   
   96.0      10679      100000       1        86354        1        86354   
   96.1      10599      100000       1        86227        1        86227   
   96.2      10686      100000       1        86175        1        86175   
   96.3      10779      100000       1        86194        1        86194   
   96.4      10680      100000       1        86436        1        86436   
   96.5      10638      100000       1        86386        1        86386   
   96.6      10659      100000       1        86364        1        86364   
   96.7      10716      100000       1        86286        1        86286   
   96.8      10656      100000       1        86303        1        86303   
   96.9      10604      100000       1        86254        1        86254   
   97.0      10895      100000       1        86078        1        86078   
   97.1      10854      100000       1        85978        1        85978   
   97.2      11004      100000       1        85754        1        85754   
   97.3      11131      100000       1        85547        1        85547   
   97.4      11324      100000       1        85214        1        85214   
   97.5      11344      100000       1        85008        1        85008   
   97.6      11490      100000       1        84730        1        84730   
   97.7      11505      100000       1        84832        1        84832   
   97.8      11448      100000       1        84797        1        84797   
   97.9      11559      100000       1        84762        1        84762   
   98.0      11545      100000       1        84789        1        84789   
   98.1      11484      100000       1        84907        1        84907   
   98.2      11481      100000       1        84856        1        84856   
   98.3      11457      100000       1        84890        1        84890   
   98.4      11475      100000       1        84899        1        84899   
   98.5      11369      100000       1        85085        1        85085   
   98.6      11346      100000       1        85220        1        85220   
   98.7      11336      100000       1        85315        1        85315   
   98.8      11227      100000       1        85401        1        85401   
   98.9      11076      100000       1        85529        1        85529   
   99.0      11106      100000       1        85496        1        85496   
   99.1      11186      100000       1        85543        1        85543   
   99.2      11070      100000       1        85553        1        85553   
   99.3      10972      100000       1        85612        1        85612   
   99.4      11184      100000       1        85351        1        85351   
   99.5      11385      100000       2        85147        1        85126   
   99.6      11461      100000       1        85054        1        85054   
   99.7      11409      100000       2        85068        1        85047   
   99.8      11300      100000       1        85113        1        85113   
   99.9      11379      100000       1        85101        1        85101   
