 Timestep   N_clusts  all_parts  thr_clusts thr_parts 
   0.0       83163      100000       0          0     
   0.1       12749      100000      445       74382   
   0.2       12947      100000      399       73658   
   0.3       12920      100000      387       73677   
   0.4       13316      100000      415       72275   
   0.5       13344      100000      420       72416   
   0.6       13382      100000      403       72074   
   0.7       13833      100000      431       71948   
   0.8       14117      100000      424       70206   
   0.9       14688      100000      412       69249   
   1.0       14896      100000      441       68715   
   1.1       15385      100000      396       67685   
   1.2       15648      100000      386       67076   
   1.3       16126      100000      350       65936   
   1.4       16592      100000      316       65409   
   1.5       16888      100000      258       65338   
   1.6       17272      100000      174       64865   
   1.7       17197      100000      133       66813   
   1.8       16784      100000      101       69151   
   1.9       16387      100000       79       70279   
   2.0       16070      100000       59       71997   
   2.1       15692      100000       44       73172   
   2.2       15288      100000       19       74807   
   2.3       14861      100000       16       76653   
   2.4       14117      100000       10       78380   
   2.5       13980      100000       9        79653   
   2.6       13379      100000       7        80688   
   2.7       13092      100000       7        81368   
   2.8       12688      100000       9        82131   
   2.9       12784      100000       7        82102   
   3.0       12637      100000       7        82432   
   3.1       12422      100000       8        82952   
   3.2       12402      100000       8        82871   
   3.3       12379      100000       7        82977   
   3.4       12286      100000       6        82825   
   3.5       12465      100000       6        82523   
   3.6       12475      100000       6        82690   
   3.7       12657      100000       6        82420   
   3.8       12587      100000       6        82401   
   3.9       12456      100000       7        82578   
   4.0       12196      100000       5        83053   
   4.1       12139      100000       7        83130   
   4.2       12227      100000       6        83128   
   4.3       12250      100000       6        83167   
   4.4       12235      100000       7        83389   
   4.5       12219      100000       7        83171   
   4.6       12182      100000       7        83345   
   4.7       12292      100000       6        83028   
   4.8       12331      100000       7        82862   
   4.9       12467      100000       7        82519   
   5.0       12503      100000       6        82658   
   5.1       12317      100000       7        82970   
   5.2       12259      100000       6        83115   
   5.3       12371      100000       7        82986   
   5.4       12224      100000       6        83192   
   5.5       12275      100000       6        83044   
   5.6       12115      100000       7        83054   
   5.7       12235      100000       6        83121   
   5.8       12444      100000       6        82839   
   5.9       12526      100000       6        82543   
   6.0       12597      100000       7        82525   
   6.1       12517      100000       7        82743   
   6.2       12276      100000       6        83191   
   6.3       12194      100000       7        83279   
   6.4       12201      100000       6        83357   
   6.5       12221      100000       6        83272   
   6.6       12069      100000       6        83341   
   6.7       12098      100000       6        83062   
   6.8       12343      100000       6        82908   
   6.9       12344      100000       5        82705   
   7.0       12367      100000       5        82964   
   7.1       12303      100000       5        83020   
   7.2       12229      100000       6        83086   
   7.3       12319      100000       7        83262   
   7.4       12319      100000       7        83066   
   7.5       12328      100000       8        82823   
   7.6       12443      100000       8        82593   
   7.7       12486      100000       9        82557   
   7.8       12501      100000       10       82433   
   7.9       12555      100000       6        82416   
   8.0       12828      100000       6        82128   
   8.1       12723      100000       6        82050   
   8.2       12711      100000       7        82157   
   8.3       12707      100000       7        82232   
   8.4       12637      100000       6        82445   
   8.5       12582      100000       6        82539   
   8.6       12437      100000       7        82723   
   8.7       12542      100000       6        82620   
   8.8       12574      100000       7        82586   
   8.9       12671      100000       6        82404   
   9.0       12543      100000       7        82454   
   9.1       12792      100000       6        82071   
   9.2       12812      100000       8        81891   
   9.3       12744      100000       7        82099   
   9.4       12673      100000       6        82405   
   9.5       12584      100000       7        82582   
   9.6       12515      100000       7        82390   
   9.7       12644      100000       6        82444   
   9.8       12667      100000       6        82265   
   9.9       12628      100000       6        82182   
   10.0      12701      100000       7        82255   
   10.1      12572      100000       6        82411   
   10.2      12594      100000       5        82591   
   10.3      12414      100000       5        82876   
   10.4      12219      100000       5        83483   
   10.5      12029      100000       5        83749   
   10.6      11751      100000       5        84043   
   10.7      11754      100000       6        84185   
   10.8      11796      100000       6        83969   
   10.9      12071      100000       6        83464   
   11.0      12246      100000       6        83310   
   11.1      12097      100000       5        83585   
   11.2      12135      100000       5        83685   
   11.3      11984      100000       6        83808   
   11.4      12078      100000       5        83742   
   11.5      12138      100000       5        83758   
   11.6      12110      100000       6        83678   
   11.7      11967      100000       5        83638   
   11.8      12054      100000       6        83664   
   11.9      12132      100000       5        83324   
   12.0      12288      100000       6        83340   
   12.1      12204      100000       5        83045   
   12.2      12433      100000       5        82909   
   12.3      12297      100000       5        82993   
   12.4      12477      100000       5        82907   
   12.5      12372      100000       5        83093   
   12.6      12246      100000       5        83088   
   12.7      12225      100000       5        83236   
   12.8      12114      100000       4        83515   
   12.9      11884      100000       4        83969   
   13.0      11623      100000       4        84455   
   13.1      11552      100000       4        84571   
   13.2      11463      100000       4        84692   
   13.3      11428      100000       4        84797   
   13.4      11497      100000       4        84724   
   13.5      11511      100000       4        84587   
   13.6      11440      100000       4        84735   
   13.7      11481      100000       5        84720   
   13.8      11597      100000       4        84458   
   13.9      11662      100000       5        84221   
   14.0      11713      100000       4        84026   
   14.1      11959      100000       4        83774   
   14.2      11985      100000       4        83793   
   14.3      12061      100000       4        83730   
   14.4      12046      100000       5        83754   
   14.5      11978      100000       4        83885   
   14.6      11967      100000       4        83708   
   14.7      12008      100000       4        83843   
   14.8      12067      100000       5        83838   
   14.9      11878      100000       4        83898   
   15.0      11947      100000       4        83718   
   15.1      12047      100000       4        83615   
   15.2      12127      100000       4        83569   
   15.3      12004      100000       4        83786   
   15.4      11908      100000       4        83861   
   15.5      11947      100000       4        83866   
   15.6      11913      100000       4        83881   
   15.7      11943      100000       4        83944   
   15.8      12012      100000       4        83840   
   15.9      12057      100000       4        83704   
   16.0      11893      100000       4        83978   
   16.1      11823      100000       4        84033   
   16.2      11826      100000       4        84212   
   16.3      11753      100000       4        84366   
   16.4      11557      100000       4        84534   
   16.5      11511      100000       4        84573   
   16.6      11600      100000       4        84389   
   16.7      11717      100000       4        84294   
   16.8      11793      100000       4        84183   
   16.9      11715      100000       4        84277   
   17.0      11805      100000       4        84016   
   17.1      11919      100000       4        83812   
   17.2      12055      100000       4        83763   
   17.3      12027      100000       5        83696   
   17.4      12079      100000       4        83611   
   17.5      12214      100000       4        83342   
   17.6      12215      100000       5        83393   
   17.7      12049      100000       4        83477   
   17.8      11997      100000       4        83689   
   17.9      11940      100000       4        83947   
   18.0      11803      100000       4        84194   
   18.1      11733      100000       4        84330   
   18.2      11636      100000       6        84502   
   18.3      11546      100000       6        84583   
   18.4      11618      100000       4        84319   
   18.5      11835      100000       4        84029   
   18.6      11908      100000       5        83972   
   18.7      12049      100000       4        83672   
   18.8      11929      100000       4        83761   
   18.9      11967      100000       4        83822   
   19.0      11888      100000       4        83860   
   19.1      11776      100000       5        84199   
   19.2      11791      100000       4        84188   
   19.3      11628      100000       4        84272   
   19.4      11604      100000       3        84529   
   19.5      11609      100000       4        84710   
   19.6      11485      100000       4        84672   
   19.7      11582      100000       4        84710   
   19.8      11444      100000       3        84720   
   19.9      11566      100000       4        84610   
   20.0      11752      100000       4        84313   
   20.1      11851      100000       4        84070   
   20.2      12066      100000       5        83701   
   20.3      12086      100000       4        83571   
   20.4      12091      100000       4        83402   
   20.5      12411      100000       4        83027   
   20.6      12462      100000       5        82952   
   20.7      12479      100000       4        82811   
   20.8      12561      100000       4        82762   
   20.9      12251      100000       4        83189   
   21.0      12199      100000       4        83435   
   21.1      11993      100000       3        83663   
   21.2      12002      100000       3        83484   
   21.3      12012      100000       4        83608   
   21.4      12166      100000       3        83381   
   21.5      11997      100000       3        83525   
   21.6      12157      100000       3        83553   
   21.7      12000      100000       3        83810   
   21.8      11808      100000       3        84108   
   21.9      11863      100000       3        84040   
   22.0      11802      100000       4        84130   
   22.1      11771      100000       3        84032   
   22.2      11688      100000       5        84111   
   22.3      11836      100000       3        84130   
   22.4      11792      100000       3        83948   
   22.5      12185      100000       3        83507   
   22.6      12418      100000       3        83189   
   22.7      12276      100000       4        82967   
   22.8      12413      100000       3        83011   
   22.9      12432      100000       3        82903   
   23.0      12134      100000       2        83460   
   23.1      11858      100000       2        83916   
   23.2      11856      100000       3        84107   
   23.3      11745      100000       2        84334   
   23.4      11642      100000       2        84413   
   23.5      11733      100000       2        84399   
   23.6      11630      100000       2        84526   
   23.7      11423      100000       2        84883   
   23.8      11319      100000       2        85075   
   23.9      11183      100000       2        85267   
   24.0      10957      100000       2        85528   
   24.1      11142      100000       2        85439   
   24.2      11261      100000       2        85114   
   24.3      11468      100000       2        84677   
   24.4      11648      100000       2        84509   
   24.5      11752      100000       2        84352   
   24.6      11799      100000       2        84138   
   24.7      11648      100000       2        84476   
   24.8      11566      100000       2        84762   
   24.9      11311      100000       2        85016   
   25.0      11464      100000       2        84980   
   25.1      11379      100000       2        85003   
   25.2      11240      100000       2        85183   
   25.3      11304      100000       2        85034   
   25.4      11228      100000       2        85060   
   25.5      11288      100000       2        85111   
   25.6      11271      100000       2        85191   
   25.7      11178      100000       2        85244   
   25.8      11371      100000       3        85197   
   25.9      11297      100000       2        85151   
   26.0      11188      100000       2        85323   
   26.1      11079      100000       2        85502   
   26.2      11008      100000       2        85399   
   26.3      11060      100000       2        85575   
   26.4      11157      100000       2        85571   
   26.5      10958      100000       2        85614   
   26.6      10958      100000       2        85709   
   26.7      10884      100000       2        85724   
   26.8      10884      100000       2        85851   
   26.9      10845      100000       2        85800   
   27.0      11095      100000       2        85388   
   27.1      11263      100000       2        85109   
   27.2      11344      100000       2        84988   
   27.3      11376      100000       2        84938   
   27.4      11376      100000       2        84923   
   27.5      11351      100000       2        84913   
   27.6      11388      100000       2        84891   
   27.7      11327      100000       2        84925   
   27.8      11278      100000       2        85088   
   27.9      11254      100000       2        85303   
   28.0      11214      100000       2        85463   
   28.1      11159      100000       2        85540   
   28.2      11113      100000       2        85658   
   28.3      11133      100000       4        85522   
   28.4      11076      100000       2        85474   
   28.5      11113      100000       2        85510   
   28.6      11005      100000       2        85470   
   28.7      11124      100000       3        85386   
   28.8      11140      100000       2        85146   
   28.9      11549      100000       2        84891   
   29.0      11493      100000       2        84555   
   29.1      11600      100000       2        84584   
   29.2      11626      100000       3        84477   
   29.3      11669      100000       2        84442   
   29.4      11655      100000       2        84611   
   29.5      11569      100000       2        84533   
   29.6      11784      100000       3        84389   
   29.7      11724      100000       2        84110   
   29.8      12115      100000       3        83720   
   29.9      12033      100000       2        83796   
   30.0      11949      100000       2        84006   
   30.1      11783      100000       3        84256   
   30.2      11719      100000       2        84387   
   30.3      11638      100000       3        84597   
   30.4      11414      100000       2        84781   
   30.5      11464      100000       2        84795   
   30.6      11564      100000       2        84752   
   30.7      11681      100000       2        84519   
   30.8      11731      100000       2        84381   
   30.9      11766      100000       2        84366   
   31.0      11801      100000       2        84184   
   31.1      11855      100000       2        84058   
   31.2      11773      100000       2        83989   
   31.3      11829      100000       2        84075   
   31.4      11699      100000       2        84283   
   31.5      11630      100000       1        84277   
   31.6      11581      100000       1        84604   
   31.7      11496      100000       1        84657   
   31.8      11474      100000       1        84904   
   31.9      11329      100000       1        85105   
   32.0      11126      100000       1        85486   
   32.1      11032      100000       1        85714   
   32.2      10858      100000       1        85935   
   32.3      10822      100000       1        86016   
   32.4      10926      100000       1        85902   
   32.5      10905      100000       1        85806   
   32.6      10872      100000       1        85978   
   32.7      10692      100000       2        86116   
   32.8      10631      100000       1        86311   
   32.9      10631      100000       1        86325   
   33.0      10602      100000       1        86291   
   33.1      10574      100000       1        86445   
   33.2      10568      100000       1        86391   
   33.3      10521      100000       1        86468   
   33.4      10586      100000       1        86368   
   33.5      10709      100000       1        86151   
   33.6      10802      100000       1        86094   
   33.7      10913      100000       1        85934   
   33.8      10912      100000       1        85788   
   33.9      11078      100000       1        85606   
   34.0      10952      100000       1        85689   
   34.1      11015      100000       1        85818   
   34.2      10888      100000       1        85883   
   34.3      10890      100000       1        85825   
   34.4      10857      100000       1        86017   
   34.5      10828      100000       1        85906   
   34.6      10908      100000       1        85801   
   34.7      10849      100000       1        85982   
   34.8      10664      100000       1        86116   
   34.9      10743      100000       1        86120   
   35.0      10717      100000       1        86092   
   35.1      10813      100000       1        86088   
   35.2      10807      100000       1        86146   
   35.3      10670      100000       1        86163   
   35.4      10801      100000       1        86038   
   35.5      10744      100000       1        85995   
   35.6      10926      100000       1        85843   
   35.7      10900      100000       1        85991   
   35.8      10966      100000       1        85837   
   35.9      10968      100000       1        85845   
   36.0      10823      100000       1        85948   
   36.1      10674      100000       1        86182   
   36.2      10769      100000       1        86018   
   36.3      10981      100000       1        85708   
   36.4      10891      100000       1        85598   
   36.5      11019      100000       2        85565   
   36.6      11152      100000       1        85500   
   36.7      11062      100000       1        85580   
   36.8      11000      100000       1        85633   
   36.9      10877      100000       1        85703   
   37.0      10915      100000       1        85845   
   37.1      10911      100000       1        85878   
   37.2      10877      100000       1        85944   
   37.3      10741      100000       1        86127   
   37.4      10810      100000       1        86087   
   37.5      10972      100000       1        85884   
   37.6      10843      100000       1        85933   
   37.7      10998      100000       1        85613   
   37.8      11199      100000       1        85436   
   37.9      11175      100000       1        85323   
   38.0      11215      100000       1        85352   
   38.1      11204      100000       1        85375   
   38.2      11229      100000       1        85239   
   38.3      11325      100000       1        85102   
   38.4      11175      100000       1        85282   
   38.5      11119      100000       1        85488   
   38.6      10961      100000       1        85640   
   38.7      10868      100000       1        85802   
   38.8      10944      100000       1        85824   
   38.9      10924      100000       1        85832   
   39.0      10913      100000       2        85819   
   39.1      10964      100000       1        85750   
   39.2      10977      100000       1        85717   
   39.3      10948      100000       1        85831   
   39.4      10945      100000       1        85945   
   39.5      10827      100000       1        86052   
   39.6      10737      100000       1        86160   
   39.7      10713      100000       1        86245   
   39.8      10754      100000       1        86175   
   39.9      11039      100000       1        85862   
   40.0      11075      100000       1        85667   
   40.1      10911      100000       1        85882   
   40.2      10790      100000       1        86051   
   40.3      10705      100000       1        86233   
   40.4      10727      100000       1        86291   
   40.5      10787      100000       1        86270   
   40.6      10775      100000       1        86285   
   40.7      10634      100000       1        86230   
   40.8      10719      100000       1        86202   
   40.9      10806      100000       1        86133   
   41.0      10758      100000       1        86114   
   41.1      10623      100000       1        86223   
   41.2      10720      100000       1        86082   
   41.3      10824      100000       1        86090   
   41.4      10770      100000       1        86017   
   41.5      10874      100000       1        86024   
   41.6      10757      100000       1        86190   
   41.7      10592      100000       1        86368   
   41.8      10480      100000       2        86370   
   41.9      10561      100000       1        86360   
   42.0      10614      100000       1        86343   
   42.1      10743      100000       1        86264   
   42.2      10852      100000       2        86004   
   42.3      10760      100000       1        86017   
   42.4      10740      100000       1        86160   
   42.5      10669      100000       1        86412   
   42.6      10680      100000       1        86425   
   42.7      10734      100000       1        86208   
   42.8      10759      100000       1        86128   
   42.9      10793      100000       1        86048   
   43.0      10655      100000       1        86194   
   43.1      10664      100000       1        86221   
   43.2      10622      100000       1        86228   
   43.3      10632      100000       1        86280   
   43.4      10570      100000       1        86453   
   43.5      10592      100000       1        86499   
   43.6      10584      100000       1        86490   
   43.7      10545      100000       1        86435   
   43.8      10550      100000       1        86457   
   43.9      10587      100000       1        86455   
   44.0      10495      100000       1        86448   
   44.1      10434      100000       1        86562   
   44.2      10498      100000       1        86598   
   44.3      10399      100000       1        86675   
   44.4      10452      100000       1        86704   
   44.5      10387      100000       1        86730   
   44.6      10450      100000       1        86744   
   44.7      10434      100000       1        86611   
   44.8      10659      100000       1        86480   
   44.9      10639      100000       1        86342   
   45.0      10609      100000       1        86183   
   45.1      10712      100000       1        86182   
   45.2      10647      100000       1        86255   
   45.3      10794      100000       1        86209   
   45.4      10769      100000       1        86129   
   45.5      10818      100000       1        85898   
   45.6      10821      100000       1        85987   
   45.7      10776      100000       1        86133   
   45.8      10758      100000       1        86343   
   45.9      10678      100000       1        86422   
   46.0      10471      100000       1        86489   
   46.1      10413      100000       1        86608   
   46.2      10500      100000       1        86600   
   46.3      10469      100000       1        86625   
   46.4      10611      100000       1        86444   
   46.5      10734      100000       1        86319   
   46.6      10880      100000       2        86034   
   46.7      10818      100000       1        85837   
   46.8      10958      100000       1        85726   
   46.9      10930      100000       1        85699   
   47.0      10966      100000       1        85672   
   47.1      10922      100000       1        85750   
   47.2      10977      100000       1        85845   
   47.3      10800      100000       1        86030   
   47.4      10825      100000       1        85974   
   47.5      10811      100000       1        86052   
   47.6      10950      100000       2        85980   
   47.7      10920      100000       1        85916   
   47.8      10718      100000       1        86134   
   47.9      10565      100000       1        86300   
   48.0      10679      100000       1        86256   
   48.1      10624      100000       1        86198   
   48.2      10800      100000       1        86043   
   48.3      10817      100000       1        86081   
   48.4      10731      100000       1        86129   
   48.5      10706      100000       1        86197   
   48.6      10628      100000       1        86260   
   48.7      10605      100000       1        86521   
   48.8      10501      100000       1        86548   
   48.9      10556      100000       1        86463   
   49.0      10524      100000       1        86512   
   49.1      10573      100000       1        86348   
   49.2      10575      100000       1        86380   
   49.3      10609      100000       1        86456   
   49.4      10611      100000       1        86352   
   49.5      10717      100000       1        86365   
   49.6      10663      100000       1        86375   
   49.7      10571      100000       1        86417   
   49.8      10495      100000       1        86631   
   49.9      10490      100000       1        86437   
   50.0      10568      100000       1        86589   
   50.1      10527      100000       1        86530   
   50.2      10656      100000       1        86386   
   50.3      10681      100000       1        86306   
   50.4      10670      100000       1        86234   
   50.5      10582      100000       1        86270   
   50.6      10625      100000       1        86318   
   50.7      10567      100000       1        86425   
   50.8      10614      100000       1        86307   
   50.9      10705      100000       1        86361   
   51.0      10626      100000       1        86351   
   51.1      10687      100000       1        86204   
   51.2      10719      100000       1        86202   
   51.3      10751      100000       1        86131   
   51.4      10763      100000       1        85985   
   51.5      10965      100000       1        85625   
   51.6      10984      100000       1        85650   
   51.7      11009      100000       1        85670   
   51.8      10920      100000       1        85900   
   51.9      10836      100000       1        86070   
   52.0      10778      100000       1        86213   
   52.1      10765      100000       2        86217   
   52.2      10701      100000       1        86086   
   52.3      10727      100000       1        86264   
   52.4      10743      100000       1        86150   
   52.5      10801      100000       1        85853   
   52.6      10908      100000       1        85904   
   52.7      10809      100000       1        86029   
   52.8      10811      100000       1        86017   
   52.9      10901      100000       1        85904   
   53.0      11067      100000       1        85571   
   53.1      11150      100000       1        85433   
   53.2      11371      100000       1        85259   
   53.3      11198      100000       1        85335   
   53.4      11196      100000       1        85293   
   53.5      11198      100000       1        85375   
   53.6      11177      100000       2        85476   
   53.7      11112      100000       1        85560   
   53.8      10954      100000       1        85584   
   53.9      10884      100000       1        85664   
   54.0      11138      100000       1        85598   
   54.1      11075      100000       1        85562   
   54.2      11052      100000       1        85619   
   54.3      11060      100000       2        85535   
   54.4      10985      100000       1        85581   
   54.5      10998      100000       1        85675   
   54.6      11034      100000       2        85730   
   54.7      10893      100000       1        85846   
   54.8      10946      100000       1        85756   
   54.9      10930      100000       1        85747   
   55.0      10945      100000       1        85747   
   55.1      10868      100000       1        85889   
   55.2      10814      100000       1        86074   
   55.3      10667      100000       1        86297   
   55.4      10628      100000       1        86219   
   55.5      10683      100000       1        86195   
   55.6      10586      100000       1        86331   
   55.7      10549      100000       1        86419   
   55.8      10650      100000       1        86207   
   55.9      10699      100000       1        86163   
   56.0      10702      100000       1        86165   
   56.1      10601      100000       1        86428   
   56.2      10640      100000       1        86409   
   56.3      10590      100000       1        86356   
   56.4      10770      100000       1        86370   
   56.5      10692      100000       2        86246   
   56.6      10693      100000       1        86221   
   56.7      10701      100000       1        86123   
   56.8      10800      100000       1        86142   
   56.9      10811      100000       1        85920   
   57.0      10868      100000       1        85891   
   57.1      10926      100000       1        85759   
   57.2      11029      100000       1        85729   
   57.3      10832      100000       1        85882   
   57.4      11054      100000       1        85646   
   57.5      11105      100000       1        85615   
   57.6      11065      100000       1        85422   
   57.7      11032      100000       1        85391   
   57.8      11178      100000       1        85536   
   57.9      11112      100000       1        85534   
   58.0      10997      100000       1        85598   
   58.1      11128      100000       1        85534   
   58.2      11117      100000       1        85442   
   58.3      11075      100000       1        85639   
   58.4      11033      100000       1        85799   
   58.5      10991      100000       1        85715   
   58.6      10961      100000       1        85660   
   58.7      10996      100000       1        85584   
   58.8      10906      100000       1        85890   
   58.9      10912      100000       1        86031   
   59.0      10760      100000       1        86168   
   59.1      10794      100000       1        86073   
   59.2      10692      100000       1        86190   
   59.3      10739      100000       1        86260   
   59.4      10739      100000       1        86309   
   59.5      10646      100000       1        86435   
   59.6      10503      100000       1        86600   
   59.7      10486      100000       1        86707   
   59.8      10402      100000       1        86860   
   59.9      10403      100000       1        86887   
   60.0      10300      100000       1        86865   
   60.1      10350      100000       1        86739   
   60.2      10263      100000       1        86776   
   60.3      10340      100000       1        86708   
   60.4      10408      100000       1        86679   
   60.5      10527      100000       1        86475   
   60.6      10696      100000       1        86174   
   60.7      10744      100000       1        86048   
   60.8      10897      100000       1        85875   
   60.9      11068      100000       1        85708   
   61.0      11002      100000       1        85765   
   61.1      11030      100000       1        85717   
   61.2      10991      100000       1        85707   
   61.3      10926      100000       1        85856   
   61.4      10858      100000       1        85950   
   61.5      10895      100000       1        85866   
   61.6      10965      100000       1        85804   
   61.7      10980      100000       1        85714   
   61.8      10977      100000       1        85732   
   61.9      10919      100000       1        85738   
   62.0      11113      100000       1        85425   
   62.1      11178      100000       1        85294   
   62.2      11255      100000       1        85248   
   62.3      11138      100000       1        85388   
   62.4      11108      100000       1        85614   
   62.5      10982      100000       1        85772   
   62.6      10725      100000       1        86078   
   62.7      10788      100000       1        86000   
   62.8      10869      100000       1        86020   
   62.9      10819      100000       1        86122   
   63.0      10556      100000       1        86450   
   63.1      10653      100000       1        86403   
   63.2      10656      100000       1        86317   
   63.3      10688      100000       1        86227   
   63.4      10686      100000       1        86222   
   63.5      10770      100000       1        86102   
   63.6      10834      100000       1        86069   
   63.7      10758      100000       1        86028   
   63.8      10929      100000       1        85925   
   63.9      10897      100000       1        85930   
   64.0      10895      100000       1        86016   
   64.1      10650      100000       1        86295   
   64.2      10656      100000       1        86478   
   64.3      10433      100000       1        86608   
   64.4      10555      100000       1        86537   
   64.5      10536      100000       1        86460   
   64.6      10574      100000       1        86484   
   64.7      10612      100000       1        86270   
   64.8      10740      100000       1        86148   
   64.9      10857      100000       2        85942   
   65.0      10948      100000       1        85841   
   65.1      10845      100000       1        85818   
   65.2      11078      100000       1        85785   
   65.3      11229      100000       1        85538   
   65.4      11043      100000       1        85519   
   65.5      11066      100000       1        85470   
   65.6      11253      100000       1        85369   
   65.7      11152      100000       1        85527   
   65.8      11042      100000       1        85686   
   65.9      11006      100000       1        85764   
   66.0      10907      100000       1        85917   
   66.1      10979      100000       1        85901   
   66.2      10901      100000       1        85833   
   66.3      11021      100000       1        85654   
   66.4      10924      100000       1        85850   
   66.5      10702      100000       1        86037   
   66.6      10854      100000       1        86147   
   66.7      10696      100000       1        86246   
   66.8      10784      100000       1        86078   
   66.9      10884      100000       1        85884   
   67.0      10895      100000       2        85836   
   67.1      10915      100000       1        85881   
   67.2      10940      100000       1        85944   
   67.3      10920      100000       1        86092   
   67.4      10747      100000       1        86187   
   67.5      10569      100000       1        86350   
   67.6      10664      100000       1        86320   
   67.7      10657      100000       1        86385   
   67.8      10484      100000       1        86588   
   67.9      10391      100000       1        86633   
   68.0      10426      100000       1        86668   
   68.1      10455      100000       1        86560   
   68.2      10490      100000       1        86420   
   68.3      10578      100000       1        86389   
   68.4      10732      100000       1        86218   
   68.5      10840      100000       1        86100   
   68.6      10792      100000       1        86033   
   68.7      10757      100000       1        86101   
   68.8      10803      100000       2        86011   
   68.9      10722      100000       1        86224   
   69.0      10731      100000       1        86217   
   69.1      10476      100000       1        86558   
   69.2      10576      100000       1        86372   
   69.3      10564      100000       1        86297   
   69.4      10799      100000       1        86148   
   69.5      10824      100000       1        86046   
   69.6      10814      100000       1        86019   
   69.7      10829      100000       1        85906   
   69.8      10927      100000       1        85909   
   69.9      10828      100000       1        85932   
   70.0      10779      100000       1        86085   
   70.1      10764      100000       1        85922   
   70.2      10919      100000       1        85932   
   70.3      10837      100000       1        86114   
   70.4      10740      100000       1        86095   
   70.5      10748      100000       1        86135   
   70.6      10710      100000       1        86163   
   70.7      10813      100000       2        86022   
   70.8      10749      100000       1        86055   
   70.9      10774      100000       1        85996   
   71.0      10819      100000       1        85855   
   71.1      10905      100000       1        85992   
   71.2      10826      100000       1        85975   
   71.3      10738      100000       1        86195   
   71.4      10575      100000       1        86358   
   71.5      10564      100000       1        86457   
   71.6      10538      100000       1        86395   
   71.7      10604      100000       1        86385   
   71.8      10594      100000       1        86435   
   71.9      10556      100000       1        86249   
   72.0      10756      100000       1        86159   
   72.1      10831      100000       1        86133   
   72.2      10865      100000       1        86031   
   72.3      10861      100000       1        85883   
   72.4      10992      100000       1        85714   
   72.5      11091      100000       1        85575   
   72.6      11188      100000       1        85490   
   72.7      11028      100000       1        85658   
   72.8      10983      100000       1        85591   
   72.9      10905      100000       1        85851   
   73.0      10947      100000       1        85907   
   73.1      10921      100000       1        85971   
   73.2      10796      100000       1        86067   
   73.3      10841      100000       1        86032   
   73.4      10870      100000       1        85948   
   73.5      10770      100000       1        86017   
   73.6      10818      100000       1        86031   
   73.7      10687      100000       1        86113   
   73.8      10735      100000       1        86173   
   73.9      10630      100000       1        86209   
   74.0      10727      100000       2        86126   
   74.1      10805      100000       1        86103   
   74.2      10736      100000       1        86109   
   74.3      10738      100000       2        86109   
   74.4      10853      100000       1        86146   
   74.5      10711      100000       1        86183   
   74.6      10568      100000       1        86315   
   74.7      10677      100000       1        86260   
   74.8      10586      100000       1        86313   
   74.9      10520      100000       1        86440   
   75.0      10754      100000       1        86179   
   75.1      10801      100000       1        85996   
   75.2      10837      100000       1        85993   
   75.3      11049      100000       1        85710   
   75.4      11149      100000       1        85496   
   75.5      11131      100000       1        85437   
   75.6      11345      100000       1        85382   
   75.7      11117      100000       1        85516   
   75.8      11267      100000       1        85369   
   75.9      11190      100000       1        85311   
   76.0      11206      100000       1        85354   
   76.1      11121      100000       1        85562   
   76.2      10998      100000       1        85678   
   76.3      10860      100000       1        85778   
   76.4      11007      100000       1        85783   
   76.5      10885      100000       1        85948   
   76.6      10939      100000       1        85805   
   76.7      10860      100000       1        85854   
   76.8      10888      100000       1        85881   
   76.9      10830      100000       1        85863   
   77.0      10882      100000       1        85840   
   77.1      10945      100000       1        85988   
   77.2      10752      100000       1        86166   
   77.3      10659      100000       1        86235   
   77.4      10760      100000       1        86158   
   77.5      10649      100000       1        86237   
   77.6      10791      100000       1        86186   
   77.7      10743      100000       1        86292   
   77.8      10701      100000       1        86269   
   77.9      10619      100000       1        86278   
   78.0      10561      100000       1        86254   
   78.1      10631      100000       1        86450   
   78.2      10504      100000       1        86522   
   78.3      10463      100000       2        86546   
   78.4      10450      100000       1        86533   
   78.5      10610      100000       1        86420   
   78.6      10558      100000       1        86414   
   78.7      10653      100000       1        86378   
   78.8      10667      100000       1        86201   
   78.9      10827      100000       1        86072   
   79.0      10808      100000       1        86064   
   79.1      10738      100000       1        86060   
   79.2      10830      100000       1        85990   
   79.3      10983      100000       1        85711   
   79.4      11039      100000       2        85625   
   79.5      11053      100000       1        85591   
   79.6      11164      100000       1        85523   
   79.7      11126      100000       1        85642   
   79.8      11063      100000       1        85679   
   79.9      10937      100000       1        85847   
   80.0      10892      100000       1        86029   
   80.1      10777      100000       1        86057   
   80.2      10829      100000       1        86067   
   80.3      10898      100000       1        85933   
   80.4      10914      100000       1        85838   
   80.5      10949      100000       1        85715   
   80.6      10884      100000       1        85847   
   80.7      10878      100000       1        85875   
   80.8      10877      100000       1        85947   
   80.9      10891      100000       1        85896   
   81.0      10936      100000       1        85895   
   81.1      10895      100000       1        85982   
   81.2      10668      100000       1        86234   
   81.3      10706      100000       1        86306   
   81.4      10728      100000       1        86226   
   81.5      10761      100000       1        86020   
   81.6      10784      100000       1        85977   
   81.7      10853      100000       1        85967   
   81.8      10925      100000       1        85863   
   81.9      11017      100000       1        85771   
   82.0      10905      100000       1        85714   
   82.1      11020      100000       1        85727   
   82.2      11014      100000       1        85671   
   82.3      10946      100000       1        85734   
   82.4      11056      100000       1        85761   
   82.5      11075      100000       1        85689   
   82.6      10978      100000       1        85768   
   82.7      10945      100000       1        85789   
   82.8      10777      100000       1        85909   
   82.9      10796      100000       1        86054   
   83.0      10844      100000       1        86146   
   83.1      10683      100000       1        86374   
   83.2      10692      100000       2        86291   
   83.3      10795      100000       1        86034   
   83.4      10781      100000       1        86086   
   83.5      10781      100000       1        86081   
   83.6      10712      100000       1        86150   
   83.7      10714      100000       1        86149   
   83.8      10848      100000       1        85930   
   83.9      10886      100000       1        85840   
   84.0      10979      100000       1        85496   
   84.1      11174      100000       1        85482   
   84.2      11159      100000       1        85314   
   84.3      11144      100000       1        85312   
   84.4      11079      100000       1        85435   
   84.5      11176      100000       1        85463   
   84.6      10959      100000       1        85657   
   84.7      10967      100000       1        85716   
   84.8      10952      100000       1        85694   
   84.9      10975      100000       1        85740   
   85.0      10860      100000       1        85888   
   85.1      10882      100000       1        85924   
   85.2      10964      100000       2        85821   
   85.3      11031      100000       1        85506   
   85.4      11120      100000       1        85501   
   85.5      11009      100000       1        85532   
   85.6      11018      100000       1        85572   
   85.7      11100      100000       1        85443   
   85.8      11260      100000       1        85329   
   85.9      11275      100000       1        85427   
   86.0      11214      100000       1        85340   
   86.1      11210      100000       1        85352   
   86.2      11112      100000       1        85388   
   86.3      11109      100000       1        85616   
   86.4      11005      100000       1        85763   
   86.5      10918      100000       1        85827   
   86.6      10979      100000       1        85747   
   86.7      11031      100000       2        85616   
   86.8      10977      100000       1        85666   
   86.9      10945      100000       1        85888   
   87.0      10777      100000       1        86124   
   87.1      10695      100000       1        86220   
   87.2      10630      100000       1        86388   
   87.3      10634      100000       1        86235   
   87.4      10653      100000       1        86224   
   87.5      10826      100000       1        86020   
   87.6      10759      100000       1        86144   
   87.7      10741      100000       1        86113   
   87.8      10848      100000       1        86054   
   87.9      10683      100000       1        86216   
   88.0      10650      100000       1        86187   
   88.1      10813      100000       1        85959   
   88.2      10879      100000       1        86001   
   88.3      10884      100000       1        85954   
   88.4      10859      100000       1        85941   
   88.5      10850      100000       1        86020   
   88.6      10853      100000       2        85918   
   88.7      10961      100000       1        85826   
   88.8      10925      100000       1        85814   
   88.9      10905      100000       1        85868   
   89.0      10818      100000       1        85850   
   89.1      10921      100000       1        85803   
   89.2      10983      100000       1        85727   
   89.3      10992      100000       1        85741   
   89.4      10921      100000       1        85662   
   89.5      11044      100000       1        85611   
   89.6      10961      100000       1        85633   
   89.7      11033      100000       2        85616   
   89.8      11132      100000       1        85581   
   89.9      11007      100000       1        85851   
   90.0      10868      100000       1        86087   
   90.1      10713      100000       1        86098   
   90.2      10792      100000       1        86176   
   90.3      10842      100000       1        86228   
   90.4      10599      100000       1        86262   
   90.5      10769      100000       2        86054   
   90.6      10923      100000       1        85755   
   90.7      11039      100000       1        85672   
   90.8      10898      100000       1        85845   
   90.9      10979      100000       1        85953   
   91.0      10798      100000       1        86001   
   91.1      10952      100000       1        85826   
   91.2      11098      100000       1        85421   
   91.3      11180      100000       1        85313   
   91.4      11250      100000       1        85338   
   91.5      11153      100000       1        85342   
   91.6      11184      100000       1        85324   
   91.7      11240      100000       1        85217   
   91.8      11231      100000       1        85107   
   91.9      11225      100000       1        85307   
   92.0      11238      100000       1        85275   
   92.1      11159      100000       1        85245   
   92.2      11296      100000       1        85173   
   92.3      11357      100000       1        85226   
   92.4      11318      100000       1        85189   
   92.5      11203      100000       1        85334   
   92.6      11296      100000       1        85257   
   92.7      11147      100000       1        85392   
   92.8      11163      100000       1        85418   
   92.9      11075      100000       1        85480   
   93.0      11051      100000       1        85616   
   93.1      11017      100000       1        85660   
   93.2      11051      100000       1        85547   
   93.3      11067      100000       1        85643   
   93.4      11099      100000       1        85666   
   93.5      10970      100000       1        85632   
   93.6      11103      100000       1        85507   
   93.7      11084      100000       1        85480   
   93.8      11078      100000       2        85483   
   93.9      11171      100000       1        85488   
   94.0      11135      100000       1        85641   
   94.1      10874      100000       1        85870   
   94.2      10897      100000       1        85919   
   94.3      10817      100000       1        86012   
   94.4      10917      100000       1        85974   
   94.5      10737      100000       1        85981   
   94.6      10865      100000       1        85934   
   94.7      10922      100000       1        85852   
   94.8      10921      100000       2        85819   
   94.9      10922      100000       1        85850   
   95.0      10869      100000       1        85931   
   95.1      10777      100000       1        86112   
   95.2      10732      100000       1        86142   
   95.3      10743      100000       1        86159   
   95.4      10827      100000       1        85970   
   95.5      11051      100000       1        85533   
   95.6      11082      100000       1        85532   
   95.7      11134      100000       1        85580   
   95.8      10907      100000       1        85922   
   95.9      10749      100000       1        86070   
   96.0      10666      100000       1        86325   
   96.1      10585      100000       1        86448   
   96.2      10689      100000       1        86385   
   96.3      10568      100000       1        86577   
   96.4      10569      100000       1        86579   
   96.5      10449      100000       1        86537   
   96.6      10612      100000       1        86466   
   96.7      10679      100000       1        86421   
   96.8      10569      100000       1        86434   
   96.9      10618      100000       1        86367   
   97.0      10707      100000       1        86272   
   97.1      10738      100000       1        86149   
   97.2      10681      100000       1        86156   
   97.3      10725      100000       1        86156   
   97.4      10842      100000       1        86122   
   97.5      10891      100000       1        85936   
   97.6      10841      100000       1        85965   
   97.7      10857      100000       1        85961   
   97.8      10705      100000       1        86178   
   97.9      10605      100000       1        86279   
   98.0      10779      100000       1        86038   
   98.1      10965      100000       1        85952   
   98.2      10998      100000       1        85924   
   98.3      10816      100000       1        86069   
   98.4      10869      100000       1        85958   
   98.5      10980      100000       1        85930   
   98.6      10906      100000       1        85905   
   98.7      10992      100000       1        85868   
   98.8      10896      100000       1        86062   
   98.9      10811      100000       1        86123   
   99.0      10719      100000       1        86284   
   99.1      10572      100000       1        86438   
   99.2      10485      100000       1        86478   
   99.3      10563      100000       1        86501   
   99.4      10596      100000       1        86404   
   99.5      10633      100000       1        86350   
   99.6      10617      100000       1        86400   
   99.7      10601      100000       1        86420   
   99.8      10628      100000       1        86441   
   99.9      10509      100000       1        86554   
