 Timestep   N_clusts  all_parts  thr_clusts thr_parts 
   0.0       83163      100000       0          0     
   0.1       45693      100000      381       11675   
   0.2       43604      100000      524       18910   
   0.3       42217      100000      558       22887   
   0.4       41510      100000      557       24739   
   0.5       41421      100000      520       25071   
   0.6       40912      100000      520       26119   
   0.7       40422      100000      522       27230   
   0.8       39970      100000      519       28406   
   0.9       40187      100000      519       28135   
   1.0       39952      100000      518       29151   
   1.1       39810      100000      501       29345   
   1.2       39531      100000      524       29915   
   1.3       39590      100000      514       30366   
   1.4       39647      100000      516       29569   
   1.5       39798      100000      502       29481   
   1.6       39989      100000      489       28919   
   1.7       39399      100000      500       30115   
   1.8       40064      100000      473       29601   
   1.9       39859      100000      499       30692   
   2.0       39715      100000      487       29820   
   2.1       39945      100000      466       29599   
   2.2       39419      100000      514       30832   
   2.3       39219      100000      526       31107   
   2.4       39450      100000      487       30597   
   2.5       39630      100000      474       30337   
   2.6       39327      100000      485       30289   
   2.7       39216      100000      485       31129   
   2.8       39266      100000      476       31289   
   2.9       39191      100000      462       31304   
   3.0       39070      100000      471       31263   
   3.1       39041      100000      507       31489   
   3.2       39089      100000      495       30619   
   3.3       38901      100000      497       31170   
   3.4       38780      100000      492       31671   
   3.5       39205      100000      476       30278   
   3.6       39532      100000      497       30093   
   3.7       39483      100000      476       30379   
   3.8       39356      100000      477       31056   
   3.9       39048      100000      475       31321   
   4.0       39436      100000      462       30118   
   4.1       39490      100000      486       30519   
   4.2       39207      100000      484       30698   
   4.3       39201      100000      491       31408   
   4.4       39290      100000      481       30949   
   4.5       39219      100000      473       30433   
   4.6       39282      100000      476       30895   
   4.7       39098      100000      468       31762   
   4.8       39070      100000      488       31131   
   4.9       39453      100000      483       30827   
   5.0       39094      100000      488       31374   
   5.1       39281      100000      451       31134   
   5.2       39233      100000      490       31520   
   5.3       39042      100000      486       31329   
   5.4       38925      100000      479       31601   
   5.5       39006      100000      468       31276   
   5.6       39239      100000      442       31104   
   5.7       39472      100000      466       30856   
   5.8       39047      100000      477       31253   
   5.9       38988      100000      456       32001   
   6.0       38762      100000      458       32206   
   6.1       38681      100000      466       32094   
   6.2       38927      100000      454       31038   
   6.3       39200      100000      483       31127   
   6.4       39042      100000      481       31339   
   6.5       39321      100000      455       30228   
   6.6       39531      100000      467       30218   
   6.7       39072      100000      475       31331   
   6.8       39607      100000      464       30606   
   6.9       39176      100000      481       31271   
   7.0       38937      100000      478       31700   
   7.1       38957      100000      460       31558   
   7.2       38930      100000      496       32152   
   7.3       39089      100000      453       31016   
   7.4       39274      100000      507       30972   
   7.5       39310      100000      476       30971   
   7.6       39215      100000      475       30903   
   7.7       38681      100000      481       32222   
   7.8       39242      100000      439       31399   
   7.9       38970      100000      458       31385   
   8.0       38994      100000      479       31845   
   8.1       39150      100000      456       30898   
   8.2       39410      100000      436       30262   
   8.3       38901      100000      480       31513   
   8.4       39203      100000      488       31335   
   8.5       38972      100000      481       31965   
   8.6       39434      100000      465       31218   
   8.7       38683      100000      483       32267   
   8.8       38825      100000      463       32148   
   8.9       38960      100000      463       32258   
   9.0       39020      100000      452       32697   
   9.1       38889      100000      462       32278   
   9.2       38856      100000      458       31377   
   9.3       39087      100000      456       32053   
   9.4       38731      100000      445       31631   
   9.5       39034      100000      430       31376   
   9.6       38944      100000      452       32199   
   9.7       38857      100000      463       32361   
   9.8       38904      100000      470       32536   
   9.9       38615      100000      489       32430   
   10.0      38702      100000      480       32405   
   10.1      38979      100000      462       30942   
   10.2      39023      100000      451       31143   
   10.3      38901      100000      464       32471   
   10.4      38620      100000      452       32324   
   10.5      38697      100000      448       32276   
   10.6      38609      100000      447       32557   
   10.7      38864      100000      456       32272   
   10.8      38778      100000      474       32465   
   10.9      38863      100000      490       31994   
   11.0      38710      100000      450       32567   
   11.1      38538      100000      430       32279   
   11.2      38577      100000      469       33072   
   11.3      38590      100000      442       31423   
   11.4      38727      100000      476       32314   
   11.5      38750      100000      467       31827   
   11.6      39147      100000      473       31750   
   11.7      38976      100000      480       31379   
   11.8      39252      100000      492       31862   
   11.9      38882      100000      452       31786   
   12.0      39198      100000      443       31849   
   12.1      39037      100000      453       31811   
   12.2      39034      100000      502       32079   
   12.3      39132      100000      450       30985   
   12.4      38940      100000      478       31928   
   12.5      38961      100000      458       31501   
   12.6      39207      100000      464       31809   
   12.7      39187      100000      491       31844   
   12.8      39292      100000      468       30614   
   12.9      39096      100000      453       31016   
   13.0      38989      100000      510       32326   
   13.1      38998      100000      469       31275   
   13.2      38569      100000      450       31688   
   13.3      38826      100000      475       32052   
   13.4      38625      100000      482       32597   
   13.5      38829      100000      469       32155   
   13.6      38702      100000      465       31939   
   13.7      39100      100000      455       30749   
   13.8      39088      100000      463       31539   
   13.9      39181      100000      448       30785   
   14.0      39232      100000      464       31098   
   14.1      39369      100000      493       31338   
   14.2      39445      100000      471       30634   
   14.3      39268      100000      459       31131   
   14.4      39299      100000      454       31002   
   14.5      39236      100000      467       30698   
   14.6      39175      100000      453       30652   
   14.7      39232      100000      479       31475   
   14.8      38853      100000      456       31891   
   14.9      39163      100000      460       31386   
   15.0      39471      100000      472       30797   
   15.1      39586      100000      481       30893   
   15.2      38842      100000      483       31793   
   15.3      39022      100000      466       31737   
   15.4      38879      100000      448       31003   
   15.5      39055      100000      483       31518   
   15.6      39239      100000      446       31194   
   15.7      39077      100000      458       31088   
   15.8      39076      100000      457       31431   
   15.9      38984      100000      463       32131   
   16.0      39246      100000      450       31339   
   16.1      38799      100000      459       32069   
   16.2      39298      100000      454       30662   
   16.3      39067      100000      440       30698   
   16.4      39051      100000      439       30867   
   16.5      38984      100000      462       31650   
   16.6      38974      100000      448       30967   
   16.7      39257      100000      442       31098   
   16.8      38923      100000      426       31161   
   16.9      38676      100000      444       31519   
   17.0      38850      100000      480       32009   
   17.1      38864      100000      460       31912   
   17.2      38891      100000      460       31709   
   17.3      38764      100000      422       31647   
   17.4      39183      100000      433       31038   
   17.5      39187      100000      450       31787   
   17.6      39031      100000      445       31911   
   17.7      38860      100000      460       32586   
   17.8      38560      100000      457       32406   
   17.9      38619      100000      467       32965   
   18.0      38564      100000      438       32489   
   18.1      39029      100000      440       32108   
   18.2      38591      100000      423       31902   
   18.3      38498      100000      448       32148   
   18.4      38821      100000      447       31662   
   18.5      38941      100000      471       32024   
   18.6      38820      100000      475       32377   
   18.7      38886      100000      490       32043   
   18.8      39139      100000      454       30613   
   18.9      38987      100000      474       31464   
   19.0      39039      100000      458       31503   
   19.1      39176      100000      463       32151   
   19.2      38830      100000      482       32393   
   19.3      39090      100000      481       31699   
   19.4      38709      100000      460       31964   
   19.5      38771      100000      471       31852   
   19.6      39106      100000      444       31744   
   19.7      38938      100000      493       32009   
   19.8      38994      100000      467       31412   
   19.9      38961      100000      473       31756   
   20.0      38906      100000      472       31915   
   20.1      38952      100000      465       31640   
   20.2      39070      100000      485       32403   
   20.3      38843      100000      457       31808   
   20.4      38846      100000      477       32053   
   20.5      38887      100000      494       31968   
   20.6      38714      100000      501       32426   
   20.7      39339      100000      452       31083   
   20.8      38897      100000      453       31410   
   20.9      38721      100000      460       31987   
   21.0      38964      100000      483       32397   
   21.1      38766      100000      467       32593   
   21.2      38735      100000      475       32031   
   21.3      38713      100000      467       32063   
   21.4      39009      100000      440       31590   
   21.5      38598      100000      454       32922   
   21.6      38955      100000      450       32314   
   21.7      38753      100000      465       31966   
   21.8      38613      100000      446       32303   
   21.9      38935      100000      475       32591   
   22.0      38946      100000      465       32558   
   22.1      38779      100000      433       31822   
   22.2      39003      100000      450       31242   
   22.3      38756      100000      449       31692   
   22.4      38843      100000      454       32071   
   22.5      38681      100000      463       32889   
   22.6      39027      100000      440       31756   
   22.7      39154      100000      461       32007   
   22.8      38674      100000      452       31986   
   22.9      38663      100000      463       32716   
   23.0      38748      100000      470       31963   
   23.1      38683      100000      490       32796   
   23.2      38557      100000      487       32344   
   23.3      38739      100000      473       32351   
   23.4      38875      100000      478       31957   
   23.5      38898      100000      479       31694   
   23.6      39102      100000      484       31662   
   23.7      39247      100000      457       31294   
   23.8      39371      100000      470       30795   
   23.9      39247      100000      469       31016   
   24.0      39149      100000      471       31042   
   24.1      39345      100000      478       30913   
   24.2      39387      100000      465       30843   
   24.3      38994      100000      476       31889   
   24.4      39190      100000      457       31224   
   24.5      39307      100000      453       31703   
   24.6      39061      100000      459       31958   
   24.7      39222      100000      466       32208   
   24.8      39051      100000      440       31501   
   24.9      38779      100000      485       31855   
   25.0      38861      100000      461       31944   
   25.1      38890      100000      446       31633   
   25.2      38856      100000      467       31676   
   25.3      38762      100000      466       32002   
   25.4      39050      100000      454       31482   
   25.5      38803      100000      445       31985   
   25.6      38767      100000      451       31852   
   25.7      38794      100000      469       31735   
   25.8      38916      100000      449       32222   
   25.9      39019      100000      475       32028   
   26.0      39079      100000      425       31259   
   26.1      39075      100000      459       31713   
   26.2      39199      100000      437       30923   
   26.3      39298      100000      468       31994   
   26.4      39207      100000      470       32334   
   26.5      38676      100000      453       32203   
   26.6      38645      100000      448       32681   
   26.7      38728      100000      439       31603   
   26.8      38781      100000      448       32109   
   26.9      38819      100000      469       31810   
   27.0      38802      100000      450       31322   
   27.1      38917      100000      443       31596   
   27.2      39210      100000      466       31057   
   27.3      38996      100000      489       31205   
   27.4      38593      100000      476       32625   
   27.5      39140      100000      474       31700   
   27.6      38951      100000      461       31509   
   27.7      39120      100000      471       31247   
   27.8      38742      100000      471       32078   
   27.9      38818      100000      455       30985   
   28.0      39046      100000      444       31258   
   28.1      38979      100000      449       31255   
   28.2      39622      100000      463       30203   
   28.3      39447      100000      479       30939   
   28.4      39278      100000      481       30822   
   28.5      39105      100000      449       31011   
   28.6      39326      100000      483       31013   
   28.7      39207      100000      492       31108   
   28.8      39367      100000      482       30827   
   28.9      39347      100000      482       31432   
   29.0      39426      100000      470       31057   
   29.1      39179      100000      478       31134   
   29.2      38866      100000      453       32068   
   29.3      38922      100000      479       31693   
   29.4      38555      100000      464       31953   
   29.5      39287      100000      426       31094   
   29.6      38994      100000      474       31461   
   29.7      38996      100000      466       32093   
   29.8      39126      100000      449       32089   
   29.9      39433      100000      442       30747   
   30.0      39424      100000      458       31753   
   30.1      39200      100000      452       31249   
   30.2      38956      100000      459       31639   
   30.3      39000      100000      453       32307   
   30.4      39005      100000      462       32161   
   30.5      38736      100000      462       32024   
   30.6      38915      100000      467       32536   
   30.7      38616      100000      479       32720   
   30.8      38762      100000      447       32546   
   30.9      38490      100000      427       32510   
   31.0      38677      100000      430       32277   
   31.1      38959      100000      490       32365   
   31.2      38962      100000      427       31362   
   31.3      39088      100000      440       31937   
   31.4      38980      100000      465       32173   
   31.5      39294      100000      470       30704   
   31.6      38782      100000      457       31735   
   31.7      39127      100000      446       31770   
   31.8      38712      100000      441       32349   
   31.9      38923      100000      441       32313   
   32.0      38785      100000      439       32285   
   32.1      38778      100000      453       32843   
   32.2      38911      100000      427       31795   
   32.3      39159      100000      472       31783   
   32.4      39407      100000      434       31419   
   32.5      39371      100000      429       31052   
   32.6      39067      100000      454       32059   
   32.7      38824      100000      487       31651   
   32.8      38888      100000      479       31788   
   32.9      39406      100000      468       30863   
   33.0      39177      100000      475       30781   
   33.1      39393      100000      478       31286   
   33.2      38973      100000      474       31772   
   33.3      39355      100000      461       31089   
   33.4      38872      100000      491       32073   
   33.5      38956      100000      481       31151   
   33.6      39326      100000      458       30280   
   33.7      39258      100000      474       30781   
   33.8      39361      100000      465       30534   
   33.9      39157      100000      477       31187   
   34.0      39350      100000      483       31217   
   34.1      39005      100000      496       32063   
   34.2      38741      100000      482       31729   
   34.3      39163      100000      467       31209   
   34.4      38807      100000      473       31830   
   34.5      38646      100000      493       32428   
   34.6      38929      100000      460       31266   
   34.7      38909      100000      504       31920   
   34.8      39239      100000      464       31045   
   34.9      39165      100000      448       31163   
   35.0      39096      100000      476       31263   
   35.1      39169      100000      464       31398   
   35.2      39298      100000      492       31016   
   35.3      39237      100000      496       31329   
   35.4      39459      100000      490       30221   
   35.5      39270      100000      505       30981   
   35.6      39387      100000      480       31238   
   35.7      39265      100000      486       31130   
   35.8      39160      100000      469       31493   
   35.9      39121      100000      453       30567   
   36.0      39376      100000      466       30896   
   36.1      39083      100000      453       31298   
   36.2      38896      100000      485       31429   
   36.3      39193      100000      453       30590   
   36.4      39033      100000      481       31531   
   36.5      39307      100000      458       30771   
   36.6      39168      100000      481       30842   
   36.7      39575      100000      471       31381   
   36.8      39768      100000      468       30087   
   36.9      39513      100000      474       31274   
   37.0      39091      100000      460       30836   
   37.1      39332      100000      423       30421   
   37.2      39159      100000      471       31721   
   37.3      39020      100000      471       31463   
   37.4      39092      100000      463       30863   
   37.5      39365      100000      445       30203   
   37.6      38807      100000      472       32189   
   37.7      38835      100000      483       31716   
   37.8      38846      100000      469       31337   
   37.9      39076      100000      472       31696   
   38.0      38868      100000      474       32100   
   38.1      39018      100000      471       32030   
   38.2      39004      100000      457       31385   
   38.3      39085      100000      466       31664   
   38.4      38689      100000      459       31679   
   38.5      38852      100000      480       31984   
   38.6      38483      100000      457       32290   
   38.7      38827      100000      473       32378   
   38.8      38673      100000      439       31814   
   38.9      38557      100000      462       32209   
   39.0      38575      100000      457       32761   
   39.1      38557      100000      478       32985   
   39.2      38849      100000      459       31964   
   39.3      39046      100000      465       31404   
   39.4      38735      100000      457       31391   
   39.5      39046      100000      442       31339   
   39.6      38835      100000      470       31390   
   39.7      39276      100000      450       30933   
   39.8      39104      100000      470       30942   
   39.9      39195      100000      452       31937   
   40.0      38944      100000      492       31963   
   40.1      39283      100000      484       31531   
   40.2      39142      100000      507       31388   
   40.3      39515      100000      499       31123   
   40.4      39164      100000      490       30963   
   40.5      39239      100000      468       30580   
   40.6      38955      100000      475       31856   
   40.7      38522      100000      485       32631   
   40.8      38882      100000      493       32221   
   40.9      39114      100000      467       31321   
   41.0      39001      100000      471       31249   
   41.1      39095      100000      451       31169   
   41.2      39131      100000      452       31649   
   41.3      39162      100000      440       31549   
   41.4      39008      100000      456       31629   
   41.5      39067      100000      455       31345   
   41.6      38662      100000      458       32657   
   41.7      38568      100000      489       32808   
   41.8      39238      100000      433       31021   
   41.9      38691      100000      462       32553   
   42.0      39178      100000      459       32021   
   42.1      38822      100000      432       31873   
   42.2      39321      100000      444       31396   
   42.3      38938      100000      472       32186   
   42.4      39130      100000      460       32091   
   42.5      38373      100000      457       32490   
   42.6      38831      100000      466       32474   
   42.7      38800      100000      439       32081   
   42.8      38924      100000      486       32329   
   42.9      38926      100000      443       32107   
   43.0      39178      100000      460       31902   
   43.1      39034      100000      467       31143   
   43.2      38891      100000      461       31525   
   43.3      38971      100000      472       31668   
   43.4      38989      100000      466       31792   
   43.5      38749      100000      434       32695   
   43.6      38774      100000      502       32452   
   43.7      38811      100000      481       32491   
   43.8      38730      100000      464       32773   
   43.9      38695      100000      468       32648   
   44.0      38733      100000      444       32097   
   44.1      38962      100000      440       31643   
   44.2      39017      100000      467       31356   
   44.3      39226      100000      451       31450   
   44.4      39271      100000      453       31107   
   44.5      39225      100000      476       31183   
   44.6      39143      100000      476       30796   
   44.7      39422      100000      459       30809   
   44.8      38987      100000      461       31844   
   44.9      39016      100000      453       31371   
   45.0      39229      100000      458       31828   
   45.1      39140      100000      454       31717   
   45.2      39320      100000      453       31688   
   45.3      38682      100000      463       33042   
   45.4      38770      100000      455       32201   
   45.5      38566      100000      477       32156   
   45.6      38675      100000      479       32344   
   45.7      38609      100000      467       31752   
   45.8      38676      100000      483       31788   
   45.9      38990      100000      460       31256   
   46.0      39026      100000      492       31949   
   46.1      38947      100000      475       31887   
   46.2      39185      100000      482       31311   
   46.3      39295      100000      449       31390   
   46.4      39183      100000      465       31301   
   46.5      39044      100000      470       32088   
   46.6      38928      100000      447       31555   
   46.7      38726      100000      452       31756   
   46.8      39157      100000      459       31562   
   46.9      39001      100000      432       31467   
   47.0      38960      100000      471       32411   
   47.1      38755      100000      474       32800   
   47.2      39229      100000      481       31370   
   47.3      38760      100000      464       31807   
   47.4      38685      100000      438       33216   
   47.5      38527      100000      441       32603   
   47.6      38675      100000      462       33126   
   47.7      38934      100000      427       32325   
   47.8      38782      100000      424       31851   
   47.9      38564      100000      450       32078   
   48.0      38987      100000      472       32002   
   48.1      39009      100000      463       32247   
   48.2      38809      100000      458       32232   
   48.3      38690      100000      433       31904   
   48.4      38849      100000      431       31433   
   48.5      38859      100000      482       31907   
   48.6      39004      100000      462       31539   
   48.7      39184      100000      463       31790   
   48.8      38958      100000      447       31658   
   48.9      39238      100000      459       30806   
   49.0      38827      100000      477       32070   
   49.1      38944      100000      458       31864   
   49.2      39097      100000      461       31991   
   49.3      39039      100000      465       31748   
   49.4      38867      100000      457       31915   
   49.5      38761      100000      486       32834   
   49.6      39013      100000      468       31598   
   49.7      38617      100000      452       31647   
   49.8      39061      100000      490       31748   
   49.9      39012      100000      461       31306   
   50.0      38834      100000      473       32113   
   50.1      38806      100000      505       32312   
   50.2      38776      100000      480       32194   
   50.3      38830      100000      442       32282   
   50.4      39100      100000      441       31166   
   50.5      39122      100000      444       31814   
   50.6      38787      100000      495       32405   
   50.7      39041      100000      449       31211   
   50.8      38836      100000      465       31960   
   50.9      38758      100000      468       31985   
   51.0      38907      100000      475       32582   
   51.1      38537      100000      473       33003   
   51.2      38625      100000      473       32516   
   51.3      39002      100000      443       31582   
   51.4      38959      100000      454       31715   
   51.5      38706      100000      468       31944   
   51.6      38966      100000      449       31733   
   51.7      38643      100000      445       32694   
   51.8      38807      100000      489       31674   
   51.9      39173      100000      486       31810   
   52.0      39042      100000      451       32303   
   52.1      38597      100000      465       31580   
   52.2      39047      100000      453       31816   
   52.3      38849      100000      510       32364   
   52.4      38906      100000      501       32192   
   52.5      39138      100000      475       31679   
   52.6      39006      100000      465       31734   
   52.7      39239      100000      478       31081   
   52.8      39284      100000      451       31517   
   52.9      38803      100000      480       32519   
   53.0      38740      100000      467       32445   
   53.1      39113      100000      431       31546   
   53.2      38998      100000      446       31144   
   53.3      38979      100000      426       31321   
   53.4      38924      100000      444       31675   
   53.5      38719      100000      470       31942   
   53.6      39405      100000      468       31059   
   53.7      39220      100000      479       30696   
   53.8      38955      100000      445       31036   
   53.9      38934      100000      483       31908   
   54.0      38742      100000      446       31652   
   54.1      39107      100000      446       31621   
   54.2      39240      100000      428       31403   
   54.3      38901      100000      465       32657   
   54.4      38938      100000      468       32805   
   54.5      38851      100000      459       32320   
   54.6      38634      100000      463       32082   
   54.7      38578      100000      463       32452   
   54.8      38645      100000      469       32687   
   54.9      38850      100000      450       32533   
   55.0      39127      100000      438       31677   
   55.1      38959      100000      451       32120   
   55.2      38975      100000      439       31453   
   55.3      38613      100000      456       32185   
   55.4      39010      100000      446       31795   
   55.5      38796      100000      432       32399   
   55.6      38854      100000      408       32285   
   55.7      38852      100000      476       32064   
   55.8      38732      100000      462       32669   
   55.9      38711      100000      465       31906   
   56.0      38888      100000      446       32130   
   56.1      39104      100000      400       31171   
   56.2      39274      100000      455       31515   
   56.3      39054      100000      430       31805   
   56.4      38730      100000      445       32466   
   56.5      38837      100000      464       32267   
   56.6      39012      100000      464       30998   
   56.7      39107      100000      441       31471   
   56.8      39110      100000      463       31686   
   56.9      39189      100000      474       30918   
   57.0      39276      100000      486       30750   
   57.1      39343      100000      474       30669   
   57.2      39096      100000      488       31761   
   57.3      39070      100000      498       31692   
   57.4      38992      100000      460       32102   
   57.5      38956      100000      459       31439   
   57.6      39060      100000      483       31401   
   57.7      39517      100000      444       30763   
   57.8      39404      100000      460       29933   
   57.9      39688      100000      488       30328   
   58.0      39711      100000      483       30583   
   58.1      39769      100000      454       29465   
   58.2      39538      100000      442       30241   
   58.3      39533      100000      462       30996   
   58.4      39738      100000      462       30066   
   58.5      39253      100000      496       31930   
   58.6      39445      100000      455       30741   
   58.7      39168      100000      459       31111   
   58.8      39434      100000      450       31319   
   58.9      39177      100000      460       31710   
   59.0      38916      100000      444       31175   
   59.1      38644      100000      480       32213   
   59.2      38916      100000      439       31663   
   59.3      38738      100000      432       32092   
   59.4      38853      100000      454       31992   
   59.5      39250      100000      464       31208   
   59.6      39261      100000      476       31126   
   59.7      39241      100000      467       30861   
   59.8      38970      100000      456       31673   
   59.9      38926      100000      473       31901   
   60.0      39052      100000      456       31258   
   60.1      38899      100000      470       32131   
   60.2      38643      100000      469       32363   
   60.3      39241      100000      466       31504   
   60.4      39118      100000      433       31226   
   60.5      38963      100000      455       31939   
   60.6      38699      100000      480       32190   
   60.7      38716      100000      459       32137   
   60.8      38983      100000      437       31407   
   60.9      39094      100000      502       31582   
   61.0      38993      100000      467       31368   
   61.1      38885      100000      472       31591   
   61.2      38813      100000      455       31351   
   61.3      38834      100000      481       31849   
   61.4      38974      100000      475       31102   
   61.5      38937      100000      452       31461   
   61.6      39300      100000      445       31264   
   61.7      39075      100000      446       31109   
   61.8      38891      100000      455       31941   
   61.9      39182      100000      451       31511   
   62.0      38881      100000      449       32054   
   62.1      39045      100000      450       31563   
   62.2      38923      100000      469       32550   
   62.3      38777      100000      443       31926   
   62.4      38984      100000      456       31666   
   62.5      39223      100000      471       31618   
   62.6      38750      100000      457       31274   
   62.7      39144      100000      483       31919   
   62.8      39122      100000      488       31531   
   62.9      39376      100000      456       30352   
   63.0      39404      100000      484       31238   
   63.1      39406      100000      463       30257   
   63.2      39448      100000      462       30252   
   63.3      39414      100000      456       30744   
   63.4      39196      100000      481       31548   
   63.5      39427      100000      481       30587   
   63.6      39098      100000      482       31093   
   63.7      39247      100000      466       30932   
   63.8      38934      100000      499       31428   
   63.9      39139      100000      489       30841   
   64.0      39372      100000      445       30514   
   64.1      39413      100000      473       31195   
   64.2      39421      100000      489       30847   
   64.3      39200      100000      490       31855   
   64.4      38955      100000      481       30948   
   64.5      39385      100000      461       30736   
   64.6      39360      100000      463       30741   
   64.7      39564      100000      454       30563   
   64.8      39252      100000      510       30970   
   64.9      39150      100000      452       30664   
   65.0      39208      100000      492       31687   
   65.1      39131      100000      471       31414   
   65.2      39066      100000      476       31851   
   65.3      39035      100000      463       31171   
   65.4      39121      100000      478       31487   
   65.5      39278      100000      460       31006   
   65.6      38970      100000      485       32324   
   65.7      38933      100000      467       31402   
   65.8      39400      100000      449       30143   
   65.9      39266      100000      463       31259   
   66.0      39018      100000      489       31837   
   66.1      39161      100000      476       31568   
   66.2      38765      100000      452       31800   
   66.3      38865      100000      464       31144   
   66.4      39261      100000      472       31027   
   66.5      39381      100000      485       30687   
   66.6      39288      100000      508       30540   
   66.7      39253      100000      486       31009   
   66.8      39139      100000      486       31540   
   66.9      39408      100000      484       30659   
   67.0      39145      100000      497       30917   
   67.1      38948      100000      469       30843   
   67.2      39226      100000      473       31110   
   67.3      39195      100000      476       31899   
   67.4      39037      100000      473       31333   
   67.5      39044      100000      447       30650   
   67.6      38994      100000      463       31473   
   67.7      39171      100000      438       31835   
   67.8      39136      100000      458       31499   
   67.9      39289      100000      442       31467   
   68.0      38828      100000      487       31772   
   68.1      39095      100000      480       31934   
   68.2      38939      100000      477       31781   
   68.3      39129      100000      441       31266   
   68.4      38599      100000      476       32375   
   68.5      39173      100000      461       31728   
   68.6      39275      100000      471       31192   
   68.7      39456      100000      453       30487   
   68.8      39204      100000      450       30828   
   68.9      38880      100000      483       31527   
   69.0      39021      100000      481       31791   
   69.1      39167      100000      444       30766   
   69.2      38929      100000      470       32756   
   69.3      38792      100000      461       31831   
   69.4      38543      100000      479       32177   
   69.5      38863      100000      473       31406   
   69.6      39065      100000      463       32304   
   69.7      38828      100000      453       31652   
   69.8      38690      100000      471       32375   
   69.9      39036      100000      458       31658   
   70.0      39119      100000      458       31431   
   70.1      38760      100000      477       32188   
   70.2      38697      100000      470       32737   
   70.3      38521      100000      467       32315   
   70.4      38865      100000      446       31769   
   70.5      39120      100000      468       31692   
   70.6      38807      100000      442       31945   
   70.7      38551      100000      470       32514   
   70.8      39080      100000      454       31620   
   70.9      39233      100000      463       31494   
   71.0      39176      100000      444       31009   
   71.1      38881      100000      437       31758   
   71.2      39002      100000      472       31700   
   71.3      38641      100000      481       31967   
   71.4      38855      100000      464       31834   
   71.5      38626      100000      480       33028   
   71.6      38857      100000      499       31814   
   71.7      38836      100000      464       32400   
   71.8      39338      100000      454       30998   
   71.9      38921      100000      471       31670   
   72.0      39156      100000      444       30877   
   72.1      39331      100000      484       31582   
   72.2      38681      100000      467       32079   
   72.3      38808      100000      436       31402   
   72.4      38906      100000      471       32234   
   72.5      39165      100000      463       31147   
   72.6      39064      100000      471       31857   
   72.7      38952      100000      455       31895   
   72.8      39058      100000      461       31508   
   72.9      38772      100000      450       32387   
   73.0      38791      100000      473       32560   
   73.1      38636      100000      453       31494   
   73.2      38813      100000      476       31702   
   73.3      38763      100000      469       32711   
   73.4      38957      100000      462       32523   
   73.5      38985      100000      467       31882   
   73.6      38888      100000      456       31652   
   73.7      38787      100000      447       32460   
   73.8      38487      100000      452       32544   
   73.9      38515      100000      453       33203   
   74.0      38594      100000      448       31854   
   74.1      38879      100000      471       32389   
   74.2      38838      100000      459       31697   
   74.3      38588      100000      466       32358   
   74.4      39004      100000      432       31373   
   74.5      39062      100000      447       31192   
   74.6      38854      100000      446       31850   
   74.7      38988      100000      454       32352   
   74.8      38995      100000      466       32275   
   74.9      38605      100000      469       32339   
   75.0      39166      100000      473       32009   
   75.1      38914      100000      465       32018   
   75.2      38933      100000      467       31988   
   75.3      38811      100000      464       31678   
   75.4      39035      100000      472       31413   
   75.5      39327      100000      473       31916   
   75.6      38983      100000      479       31838   
   75.7      39272      100000      488       31146   
   75.8      39190      100000      465       31315   
   75.9      39515      100000      477       30578   
   76.0      39048      100000      476       31310   
   76.1      39310      100000      472       30959   
   76.2      39343      100000      468       30769   
   76.3      39086      100000      461       30817   
   76.4      39202      100000      481       31792   
   76.5      39217      100000      478       30985   
   76.6      39500      100000      466       30416   
   76.7      39297      100000      470       31523   
   76.8      39110      100000      488       31081   
   76.9      39167      100000      463       31168   
   77.0      39434      100000      465       30541   
   77.1      39368      100000      462       30439   
   77.2      39335      100000      455       30774   
   77.3      38843      100000      443       31304   
   77.4      38668      100000      484       32404   
   77.5      39177      100000      454       31559   
   77.6      38903      100000      494       32229   
   77.7      38876      100000      458       31630   
   77.8      39039      100000      457       31784   
   77.9      39091      100000      457       31176   
   78.0      39035      100000      429       31046   
   78.1      39456      100000      451       30614   
   78.2      39245      100000      441       30654   
   78.3      38948      100000      460       31460   
   78.4      38884      100000      474       31513   
   78.5      39538      100000      481       30689   
   78.6      39227      100000      463       31160   
   78.7      39455      100000      483       31251   
   78.8      38901      100000      457       32155   
   78.9      38904      100000      440       32075   
   79.0      39107      100000      462       31824   
   79.1      39249      100000      444       31972   
   79.2      39001      100000      444       32153   
   79.3      38961      100000      451       32315   
   79.4      38958      100000      439       31732   
   79.5      38771      100000      448       32450   
   79.6      38737      100000      429       31879   
   79.7      38686      100000      429       32877   
   79.8      38931      100000      457       32431   
   79.9      38637      100000      464       32969   
   80.0      38738      100000      468       32381   
   80.1      38876      100000      446       31868   
   80.2      38856      100000      433       32315   
   80.3      39124      100000      438       31670   
   80.4      39207      100000      443       31930   
   80.5      38874      100000      449       32317   
   80.6      39131      100000      439       31183   
   80.7      38756      100000      454       31259   
   80.8      39101      100000      455       31107   
   80.9      39294      100000      465       31217   
   81.0      39262      100000      444       31132   
   81.1      39242      100000      480       31613   
   81.2      39229      100000      456       31386   
   81.3      39470      100000      461       30980   
   81.4      39234      100000      454       31422   
   81.5      39057      100000      446       31467   
   81.6      39218      100000      465       31233   
   81.7      38819      100000      480       31668   
   81.8      39050      100000      443       30574   
   81.9      39393      100000      460       31120   
   82.0      39147      100000      440       31469   
   82.1      39278      100000      439       30236   
   82.2      39104      100000      464       31163   
   82.3      39149      100000      469       31533   
   82.4      38984      100000      474       31653   
   82.5      38822      100000      460       32197   
   82.6      38915      100000      507       31454   
   82.7      38817      100000      492       32002   
   82.8      38989      100000      455       29981   
   82.9      39532      100000      479       30588   
   83.0      39257      100000      456       30639   
   83.1      39466      100000      459       30362   
   83.2      39409      100000      493       30214   
   83.3      39560      100000      461       29349   
   83.4      39393      100000      468       30066   
   83.5      39129      100000      472       31449   
   83.6      39487      100000      480       30279   
   83.7      39348      100000      504       31113   
   83.8      39261      100000      483       30529   
   83.9      38937      100000      498       31636   
   84.0      39145      100000      449       31140   
   84.1      39473      100000      467       30029   
   84.2      39362      100000      487       30275   
   84.3      39528      100000      508       30556   
   84.4      39561      100000      461       30174   
   84.5      39771      100000      447       29587   
   84.6      39628      100000      487       30249   
   84.7      39150      100000      470       30241   
   84.8      39306      100000      474       31106   
   84.9      39099      100000      489       31289   
   85.0      39144      100000      465       31274   
   85.1      39192      100000      478       31363   
   85.2      38929      100000      456       31955   
   85.3      38918      100000      467       32118   
   85.4      39193      100000      461       31306   
   85.5      38825      100000      482       32178   
   85.6      39302      100000      477       30706   
   85.7      39103      100000      460       31492   
   85.8      39041      100000      456       31615   
   85.9      38994      100000      449       31165   
   86.0      38985      100000      471       31742   
   86.1      39247      100000      447       31648   
   86.2      39273      100000      440       30969   
   86.3      38926      100000      451       31994   
   86.4      39053      100000      459       31635   
   86.5      38720      100000      457       33197   
   86.6      38749      100000      466       32803   
   86.7      38815      100000      464       31980   
   86.8      39096      100000      456       32262   
   86.9      38643      100000      452       32742   
   87.0      38502      100000      458       32943   
   87.1      38605      100000      481       33063   
   87.2      38515      100000      471       32202   
   87.3      38685      100000      436       32528   
   87.4      38750      100000      448       32961   
   87.5      38697      100000      446       32461   
   87.6      38748      100000      469       32575   
   87.7      38841      100000      448       32186   
   87.8      38830      100000      437       31870   
   87.9      38984      100000      437       31201   
   88.0      38794      100000      459       32277   
   88.1      38856      100000      442       31875   
   88.2      38998      100000      456       31952   
   88.3      39038      100000      461       32035   
   88.4      38993      100000      460       31979   
   88.5      38641      100000      454       32718   
   88.6      39150      100000      432       31739   
   88.7      38622      100000      405       32554   
   88.8      38669      100000      463       32151   
   88.9      38670      100000      476       32664   
   89.0      38586      100000      462       32961   
   89.1      38328      100000      456       33873   
   89.2      38790      100000      469       32895   
   89.3      38379      100000      459       33110   
   89.4      38206      100000      447       33193   
   89.5      38647      100000      430       32450   
   89.6      38675      100000      457       32506   
   89.7      38561      100000      450       32476   
   89.8      38547      100000      433       32125   
   89.9      38835      100000      438       32018   
   90.0      39093      100000      454       32357   
   90.1      38805      100000      462       32285   
   90.2      38658      100000      448       32019   
   90.3      39099      100000      473       32276   
   90.4      38817      100000      480       32959   
   90.5      38631      100000      452       32480   
   90.6      38624      100000      436       32394   
   90.7      38613      100000      423       32503   
   90.8      38954      100000      457       32201   
   90.9      38756      100000      453       32293   
   91.0      38898      100000      435       31890   
   91.1      38872      100000      451       32001   
   91.2      39018      100000      469       31764   
   91.3      38756      100000      481       31601   
   91.4      38508      100000      420       32407   
   91.5      38966      100000      435       31840   
   91.6      39224      100000      440       31159   
   91.7      39148      100000      457       31372   
   91.8      39110      100000      449       31101   
   91.9      39024      100000      471       31576   
   92.0      38984      100000      465       31770   
   92.1      39204      100000      463       30873   
   92.2      39113      100000      469       31138   
   92.3      39129      100000      470       31904   
   92.4      39297      100000      467       30675   
   92.5      38993      100000      449       31434   
   92.6      38935      100000      450       31495   
   92.7      38933      100000      449       31988   
   92.8      38809      100000      479       32248   
   92.9      39100      100000      458       31712   
   93.0      38840      100000      459       31906   
   93.1      38868      100000      483       32096   
   93.2      39061      100000      429       31260   
   93.3      39367      100000      426       30833   
   93.4      39059      100000      440       31434   
   93.5      39135      100000      462       31130   
   93.6      39067      100000      466       32010   
   93.7      38913      100000      454       31857   
   93.8      38919      100000      445       32312   
   93.9      38906      100000      473       31877   
   94.0      38824      100000      448       32083   
   94.1      38942      100000      445       31793   
   94.2      38985      100000      484       32686   
   94.3      38871      100000      493       31999   
   94.4      38815      100000      486       32014   
   94.5      39253      100000      470       31144   
   94.6      39167      100000      461       30281   
   94.7      39045      100000      471       31445   
   94.8      38701      100000      448       31439   
   94.9      38807      100000      460       31616   
   95.0      38913      100000      464       31378   
   95.1      39165      100000      470       31679   
   95.2      39442      100000      459       30406   
   95.3      39723      100000      454       29941   
   95.4      39226      100000      500       31107   
   95.5      39098      100000      458       30843   
   95.6      39076      100000      481       30462   
   95.7      39217      100000      480       30933   
   95.8      39213      100000      474       31177   
   95.9      38870      100000      456       31529   
   96.0      39181      100000      440       30669   
   96.1      39085      100000      468       31050   
   96.2      39043      100000      481       31746   
   96.3      39154      100000      441       31624   
   96.4      38674      100000      466       32852   
   96.5      38914      100000      458       31306   
   96.6      39129      100000      469       31559   
   96.7      39453      100000      452       31330   
   96.8      39216      100000      447       31074   
   96.9      39333      100000      460       31387   
   97.0      39284      100000      448       30877   
   97.1      38871      100000      468       32324   
   97.2      39218      100000      425       30517   
   97.3      39022      100000      463       31892   
   97.4      38821      100000      449       32149   
   97.5      38872      100000      474       32314   
   97.6      39092      100000      443       31913   
   97.7      38711      100000      456       32204   
   97.8      38859      100000      486       32613   
   97.9      38627      100000      463       32659   
   98.0      39016      100000      460       32542   
   98.1      38770      100000      452       32016   
   98.2      38932      100000      481       32428   
   98.3      39097      100000      462       31528   
   98.4      39056      100000      493       32207   
   98.5      38891      100000      476       31408   
   98.6      39201      100000      462       31102   
   98.7      39172      100000      469       32148   
   98.8      39097      100000      465       31214   
   98.9      39018      100000      490       31468   
   99.0      39022      100000      484       31306   
   99.1      39066      100000      503       32560   
   99.2      38927      100000      467       31193   
   99.3      38959      100000      479       31638   
   99.4      39081      100000      491       31399   
   99.5      39250      100000      475       31714   
   99.6      39254      100000      487       31634   
   99.7      38808      100000      484       32277   
   99.8      39078      100000      472       30511   
   99.9      39114      100000      494       30875   
