           rCoM                     NinBin                    phiLoc                    align                      pInt                     pSwim          
         1.123042                    667                    885.231723                -5.287120                  852691.2                    -0.9          
         2.246084                    2005                  2660.578773                56.779350                 2561836.6                   -49.3          
         3.369126                    3335                  4424.857355                21.957829                 4225274.4                   250.6          
         4.492168                    4668                  6193.658847               -109.528384                5953537.8                   -21.4          
         5.615210                    6021                  7987.587147               -101.925695                7719166.9                   253.7          
         6.738252                    7324                  9716.078857               -122.963736                9425211.7                   -267.4         
         7.861294                    8670                  11502.605590              -113.953186                11156082.9                  1059.7         
         8.984336                   10074                  13362.512613               -92.940794                13015426.9                  832.2          
        10.107378                   11405                  15129.755791               35.320110                 14791514.5                  1427.8         
        11.230420                   12706                  16852.907534               164.387013                16394016.3                  349.1          
        12.353462                   14009                  18580.965786               30.351028                 17965119.8                  2299.4         
        13.476504                   15411                  20438.788388               167.041585                19730207.8                 -2987.2         
        14.599546                   16632                  22058.259443               43.468640                 21234308.3                 -1901.9         
        15.722588                   18062                  23951.522722               -11.888115                23029458.9                 -2741.6         
        16.845630                   19473                  25819.343828               106.902981                24852009.4                 -2743.1         
        17.968672                   20605                  27317.304754               129.956432                26233973.4                 -2584.5         
        19.091714                   22027                  29197.950054               193.125977                28002855.4                 -2609.3         
        20.214756                   23392                  31002.076870               133.500037                29667085.8                 -3818.7         
        21.337798                   24669                  32693.894411               -49.856207                31363041.1                  347.1          
        22.460840                   26072                  34549.123483               -4.472590                 33213241.2                  2925.4         
        23.583882                   27270                  36137.803349               -0.271183                 34645799.7                 -6670.6         
        24.706924                   28730                  38076.028472               380.191894                36444620.0                 -5233.8         
        25.829966                   30060                  39837.933671              -264.370148                38151177.4                  3421.7         
        26.953008                   31356                  41559.142953              -220.256745                39899493.9                  4277.6         
        28.076050                   32736                  43391.553188               -17.429858                41672879.4                 -3607.3         
        29.199092                   33928                  44976.626759              -188.875252                43145256.4                  3756.9         
        30.322134                   35510                  47076.536831              -348.984436                45233315.6                 16087.6         
        31.445176                   36754                  48728.526853               84.127291                 46912817.1                 -1811.6         
        32.568218                   37929                  50291.273338              -126.669312                48509574.9                  7630.3         
        33.691260                   39596                  52507.409158              -188.854107                50711590.0                 10486.1         
        34.814302                   40669                  53935.049849              -309.838127                52288938.0                 10091.0         
        35.937344                   42218                  55993.856564               79.083381                 54202886.7                 -1009.8         
        37.060386                   43241                  57359.513870               46.686316                 55507050.9                  3900.8         
        38.183428                   44888                  59549.601838               -25.292587                57525479.4                 -9233.1         
        39.306470                   46020                  61059.345748               -6.068465                 58924418.2                  4327.5         
        40.429512                   47497                  63026.706581               153.812248                60898719.5                 18063.8         
        41.552554                   48775                  64725.514522              -277.298861                62489225.5                 13363.0         
        42.675596                   50211                  66639.784314               158.793226                64439259.1                 12828.1         
        43.798638                   51366                  68179.987635               155.443588                65822963.3                 -7125.1         
        44.921680                   52855                  70161.671925              -255.186065                67732400.4                  911.1          
        46.044722                   54084                  71802.803596              -243.341678                69397183.7                 10175.2         
        47.167764                   55596                  73813.317069              -360.687008                71579748.9                 22663.7         
        48.290806                   56785                  75402.692379               -6.273006                 73328162.4                 10141.7         
        49.413848                   58307                  77425.706990               90.938553                 75367576.0                 -7644.0         
        50.536890                   59627                  79184.834762               -19.909438                77088106.1                 19723.4         
        51.659932                   60767                  80698.120348              -392.193542                78513048.6                 15531.9         
        52.782974                   62386                  82852.758314               -59.469063                80637806.8                 12798.5         
        53.906016                   63499                  84335.382003               64.363603                 82162221.9                 18068.1         
        55.029058                   64884                  86171.917580               231.523332                83777747.8                 25227.4         
        56.152100                   66235                  87973.698705               112.340856                85516679.6                 -7442.1         
        57.275142                   67655                  89854.931583               159.480180                87248592.2                 -8823.4         
        58.398184                   68709                  91251.835969              -308.887222                88514538.7                  224.1          
        59.521226                   70350                  93431.078169               -83.842437                90606284.5                 -2865.7         
        60.644268                   71494                  94948.951117              -159.672616                92087348.7                 -14006.3        
        61.767310                   72995                  96941.327233              -274.171451                94029316.1                 12893.9         
        62.890352                   74229                  98577.807637              -145.231643                95798595.1                 -18194.0        
        64.013394                   75711                 100546.572056               55.343926                 97714803.4                 -4234.5         
        65.136436                   76832                 102037.543583              -321.123472                99147138.2                 31351.7         
        66.259478                   78247                 103909.935185               247.878064               101019031.1                 -30866.2        
        67.382520                   79724                 105872.101758               154.237277               102837045.7                 11357.1         
        68.505562                   80795                 107289.831158              -173.611915               104263058.6                 -7444.2         
        69.628604                   82383                 109398.165013               28.806494                106451697.9                 20393.7         
        70.751646                   83598                 111006.005492               173.191119               108003914.3                  575.9          
        71.874688                   84943                 112784.856908               -37.062898               109730611.4                 -8271.0         
        72.997730                   86434                 114758.805535               435.932670               111502849.7                 20241.8         
        74.120772                   87528                 116201.329133               109.917718               112890442.0                 26664.3         
        75.243814                   88996                 118143.310998              -230.163913               114744671.6                 19116.5         
        76.366856                   90215                 119742.126594               244.753922               116284457.0                 -11301.5        
        77.489898                   91690                 121693.751379               182.966895               118211894.0                  3786.7         
        78.612940                   92935                 123324.505876               92.494568                119722647.2                 20431.7         
        79.735982                   94155                 124928.236247               429.555666               121289001.4                  5431.3         
        80.859024                   95668                 126915.256871               85.323683                123120211.1                  3429.7         
        81.982066                   96784                 128368.679224               125.322317               124382584.2                 -24482.4        
        83.105108                   98277                 130332.939241               400.919556               126388604.6                 -23664.2        
        84.228150                   99592                 132038.565543               256.659513               127963336.6                 -36802.9        
        85.351192                   100717                133511.388144               537.058406               129408581.5                 -18213.7        
        86.474234                   102269                135524.388835               169.897068               131221003.4                 57896.0         
        87.597276                   103526                137152.321396               129.644975               132779084.4                 -28811.9        
        88.720318                   104819                138812.659968               770.011981               134186313.3                 -43942.4        
        89.843360                   106000                140315.451860               401.660057               135463634.6                 -27330.4        
        90.966402                   107543                142278.470484               971.746767               137286962.6                 -68911.2        
        92.089444                   108513                143465.550576               310.969934               138241149.5                 36973.1         
        93.212486                   109855                145118.084492               500.903944               139902164.0                 -48949.0        
        94.335528                   111535                147180.188467              1147.842504               141961943.1                 -64714.0        
        95.458570                   112260                147948.965387              1441.692483               142423288.6                 -92357.9        
        96.581612                   113911                149865.560777              1220.179785               143912077.8                  2089.6         
        97.704654                   114829                150764.217006              2030.223348               144541731.2                 -86073.1        
        98.827696                   116090                151996.533139              2638.154183               145139193.6                 -82503.4        
        99.950738                   116954                152597.439426              3247.027360               145167144.1                -146809.1        
        101.073780                  118254                153553.023621              3801.604922               145507779.0                -161014.4        
        102.196822                  119014                153590.093562              5325.251715               144849151.6                -254182.4        
        103.319864                  119832                153371.655960              6472.545463               143589656.2                -249923.5        
        104.442906                  120336                152391.938226              8434.963000               141982982.3                -356080.3        
        105.565948                  121134                151390.928705              10026.055357              139855209.2                -423946.3        
        106.688990                  120607                148323.317241              12580.187882              135669598.8                -560060.1        
        107.812032                  120668                145553.473728              14974.959624              131379792.9                -702440.0        
        108.935074                  119064                140591.425199              17308.733698              124990030.6                -856870.9        
        110.058116                  117235                135095.818994              20336.239090              117921321.6                -1057728.6       
        111.181158                  113670                127763.576335              21950.652526              109541482.2                -1184312.8       
        112.304200                  109031                119372.864077              23791.170635              100240276.3                -1315243.0       
        113.427242                  102858                109743.599342              24338.829267               90376487.1                -1422309.9       
        114.550284                  95860                  99579.018350              25002.084756               80148545.5                -1509009.9       
        115.673326                  87691                  88623.148402              24120.446162               69699269.7                -1463067.8       
        116.796368                  79249                  77914.555847              23191.186907               59727109.8                -1540045.3       
        117.919410                  69825                  66745.656183              21656.939217               49843185.3                -1446232.3       
        119.042452                  60502                  56233.979489              19821.419076               40740678.7                -1363750.2       
        120.165494                  51350                  46409.204133              17266.901845               32494767.7                -1169138.5       
        121.288536                  42423                  37247.213333              14599.280577               25224958.0                -961512.4        
        122.411578                  34683                  29559.322086              12474.634278               19266318.3                -785062.3        
        123.534620                  27176                  22475.925356              9907.680971                13972419.6                -637376.8        
        124.657662                  20956                  16804.519074              7876.292283                9942428.4                 -477039.2        
        125.780704                  15521                  12027.393614              5893.678162                6731735.9                 -346253.0        
        126.903746                  11176                  8344.552768               4295.227469                4358475.7                 -228834.2        
        128.026788                   7715                  5536.098982               2982.414877                2651804.4                 -163638.2        
        129.149830                   4868                  3363.562508               1871.694067                1473081.2                  -92632.4        
        130.272872                   2936                  1940.375271               1022.574385                 730776.5                  -46700.5        
        131.395914                   1635                  1033.170192                522.372904                 353911.7                  -21161.4        
        132.518956                   816                    489.973741                243.584316                 157803.7                  -8573.2         
        133.641998                   393                    223.389309                82.528329                  70893.6                   -4465.2         
        134.765040                   178                    96.023103                 45.578583                  25751.0                   -1913.0         
        135.888082                    64                    31.400459                 20.248260                   6400.7                   -1176.9         
        137.011124                    21                     9.464846                  5.060560                   1939.7                    -343.6         
        138.134166                    5                      2.066466                 -0.687591                   480.9                      16.8          
        139.257208                    1                      0.377999                  0.930751                    54.6                     -144.0         
        140.380250                    0                      0.000000                  0.000000                    0.0                       0.0           
        141.503292                    0                      0.000000                  0.000000                    0.0                       0.0           
        142.626334                    0                      0.000000                  0.000000                    0.0                       0.0           
        143.749376                    0                      0.000000                  0.000000                    0.0                       0.0           
        144.872418                    0                      0.000000                  0.000000                    0.0                       0.0           
        145.995460                    0                      0.000000                  0.000000                    0.0                       0.0           
        147.118502                    0                      0.000000                  0.000000                    0.0                       0.0           
        148.241544                    0                      0.000000                  0.000000                    0.0                       0.0           
        149.364586                    0                      0.000000                  0.000000                    0.0                       0.0           
        150.487628                    0                      0.000000                  0.000000                    0.0                       0.0           
        151.610670                    0                      0.000000                  0.000000                    0.0                       0.0           
        152.733712                    0                      0.000000                  0.000000                    0.0                       0.0           
        153.856754                    0                      0.000000                  0.000000                    0.0                       0.0           
        154.979796                    0                      0.000000                  0.000000                    0.0                       0.0           
        156.102838                    0                      0.000000                  0.000000                    0.0                       0.0           
        157.225880                    0                      0.000000                  0.000000                    0.0                       0.0           
        158.348922                    0                      0.000000                  0.000000                    0.0                       0.0           
        159.471964                    0                      0.000000                  0.000000                    0.0                       0.0           
        160.595006                    0                      0.000000                  0.000000                    0.0                       0.0           
        161.718048                    0                      0.000000                  0.000000                    0.0                       0.0           
        162.841090                    0                      0.000000                  0.000000                    0.0                       0.0           
        163.964132                    0                      0.000000                  0.000000                    0.0                       0.0           
        165.087174                    0                      0.000000                  0.000000                    0.0                       0.0           
        166.210216                    0                      0.000000                  0.000000                    0.0                       0.0           
        167.333258                    0                      0.000000                  0.000000                    0.0                       0.0           
        168.456300                    0                      0.000000                  0.000000                    0.0                       0.0           
        169.579342                    0                      0.000000                  0.000000                    0.0                       0.0           
        170.702384                    0                      0.000000                  0.000000                    0.0                       0.0           
        171.825426                    0                      0.000000                  0.000000                    0.0                       0.0           
        172.948468                    0                      0.000000                  0.000000                    0.0                       0.0           
        174.071510                    0                      0.000000                  0.000000                    0.0                       0.0           
        175.194552                    0                      0.000000                  0.000000                    0.0                       0.0           
        176.317594                    0                      0.000000                  0.000000                    0.0                       0.0           
        177.440636                    0                      0.000000                  0.000000                    0.0                       0.0           
        178.563678                    0                      0.000000                  0.000000                    0.0                       0.0           
        179.686720                    0                      0.000000                  0.000000                    0.0                       0.0           
        180.809762                    0                      0.000000                  0.000000                    0.0                       0.0           
        181.932804                    0                      0.000000                  0.000000                    0.0                       0.0           
        183.055846                    0                      0.000000                  0.000000                    0.0                       0.0           
        184.178888                    0                      0.000000                  0.000000                    0.0                       0.0           
        185.301930                    0                      0.000000                  0.000000                    0.0                       0.0           
        186.424972                    0                      0.000000                  0.000000                    0.0                       0.0           
        187.548014                    0                      0.000000                  0.000000                    0.0                       0.0           
        188.671056                    0                      0.000000                  0.000000                    0.0                       0.0           
        189.794098                    0                      0.000000                  0.000000                    0.0                       0.0           
        190.917140                    0                      0.000000                  0.000000                    0.0                       0.0           
        192.040182                    0                      0.000000                  0.000000                    0.0                       0.0           
        193.163224                    0                      0.000000                  0.000000                    0.0                       0.0           
        194.286266                    0                      0.000000                  0.000000                    0.0                       0.0           
        195.409308                    0                      0.000000                  0.000000                    0.0                       0.0           
        196.532350                    0                      0.000000                  0.000000                    0.0                       0.0           
        197.655392                    0                      0.000000                  0.000000                    0.0                       0.0           
        198.778434                    0                      0.000000                  0.000000                    0.0                       0.0           
        199.901476                    0                      0.000000                  0.000000                    0.0                       0.0           
        201.024518                    0                      0.000000                  0.000000                    0.0                       0.0           
        202.147560                    0                      0.000000                  0.000000                    0.0                       0.0           
        203.270602                    0                      0.000000                  0.000000                    0.0                       0.0           
        204.393644                    0                      0.000000                  0.000000                    0.0                       0.0           
        205.516686                    0                      0.000000                  0.000000                    0.0                       0.0           
        206.639728                    0                      0.000000                  0.000000                    0.0                       0.0           
        207.762770                    0                      0.000000                  0.000000                    0.0                       0.0           
        208.885812                    0                      0.000000                  0.000000                    0.0                       0.0           
        210.008854                    0                      0.000000                  0.000000                    0.0                       0.0           
        211.131896                    0                      0.000000                  0.000000                    0.0                       0.0           
        212.254938                    0                      0.000000                  0.000000                    0.0                       0.0           
        213.377980                    0                      0.000000                  0.000000                    0.0                       0.0           
        214.501022                    0                      0.000000                  0.000000                    0.0                       0.0           
        215.624064                    0                      0.000000                  0.000000                    0.0                       0.0           
        216.747106                    0                      0.000000                  0.000000                    0.0                       0.0           
        217.870148                    0                      0.000000                  0.000000                    0.0                       0.0           
        218.993190                    0                      0.000000                  0.000000                    0.0                       0.0           
        220.116232                    0                      0.000000                  0.000000                    0.0                       0.0           
        221.239274                    0                      0.000000                  0.000000                    0.0                       0.0           
        222.362316                    0                      0.000000                  0.000000                    0.0                       0.0           
        223.485358                    0                      0.000000                  0.000000                    0.0                       0.0           
        224.608400                    0                      0.000000                  0.000000                    0.0                       0.0           
        225.731442                    0                      0.000000                  0.000000                    0.0                       0.0           
        226.854484                    0                      0.000000                  0.000000                    0.0                       0.0           
        227.977526                    0                      0.000000                  0.000000                    0.0                       0.0           
        229.100568                    0                      0.000000                  0.000000                    0.0                       0.0           
        230.223610                    0                      0.000000                  0.000000                    0.0                       0.0           
        231.346652                    0                      0.000000                  0.000000                    0.0                       0.0           
        232.469694                    0                      0.000000                  0.000000                    0.0                       0.0           
        233.592736                    0                      0.000000                  0.000000                    0.0                       0.0           
        234.715778                    0                      0.000000                  0.000000                    0.0                       0.0           
        235.838820                    0                      0.000000                  0.000000                    0.0                       0.0           
        236.961862                    0                      0.000000                  0.000000                    0.0                       0.0           
        238.084904                    0                      0.000000                  0.000000                    0.0                       0.0           
        239.207946                    0                      0.000000                  0.000000                    0.0                       0.0           
        240.330988                    0                      0.000000                  0.000000                    0.0                       0.0           
        241.454030                    0                      0.000000                  0.000000                    0.0                       0.0           
        242.577072                    0                      0.000000                  0.000000                    0.0                       0.0           
        243.700114                    0                      0.000000                  0.000000                    0.0                       0.0           
        244.823156                    0                      0.000000                  0.000000                    0.0                       0.0           
        245.946198                    0                      0.000000                  0.000000                    0.0                       0.0           
        247.069240                    0                      0.000000                  0.000000                    0.0                       0.0           
        248.192282                    0                      0.000000                  0.000000                    0.0                       0.0           
        249.315324                    0                      0.000000                  0.000000                    0.0                       0.0           
        250.438366                    0                      0.000000                  0.000000                    0.0                       0.0           
        251.561408                    0                      0.000000                  0.000000                    0.0                       0.0           
        252.684450                    0                      0.000000                  0.000000                    0.0                       0.0           
        253.807492                    0                      0.000000                  0.000000                    0.0                       0.0           
        254.930534                    0                      0.000000                  0.000000                    0.0                       0.0           
        256.053576                    0                      0.000000                  0.000000                    0.0                       0.0           
        257.176618                    0                      0.000000                  0.000000                    0.0                       0.0           
        258.299660                    0                      0.000000                  0.000000                    0.0                       0.0           
        259.422702                    0                      0.000000                  0.000000                    0.0                       0.0           
        260.545744                    0                      0.000000                  0.000000                    0.0                       0.0           
        261.668786                    0                      0.000000                  0.000000                    0.0                       0.0           
        262.791828                    0                      0.000000                  0.000000                    0.0                       0.0           
        263.914870                    0                      0.000000                  0.000000                    0.0                       0.0           
        265.037912                    0                      0.000000                  0.000000                    0.0                       0.0           
        266.160954                    0                      0.000000                  0.000000                    0.0                       0.0           
        267.283996                    0                      0.000000                  0.000000                    0.0                       0.0           
        268.407038                    0                      0.000000                  0.000000                    0.0                       0.0           
        269.530080                    0                      0.000000                  0.000000                    0.0                       0.0           
        270.653122                    0                      0.000000                  0.000000                    0.0                       0.0           
        271.776164                    0                      0.000000                  0.000000                    0.0                       0.0           
        272.899206                    0                      0.000000                  0.000000                    0.0                       0.0           
        274.022248                    0                      0.000000                  0.000000                    0.0                       0.0           
        275.145290                    0                      0.000000                  0.000000                    0.0                       0.0           
        276.268332                    0                      0.000000                  0.000000                    0.0                       0.0           
        277.391374                    0                      0.000000                  0.000000                    0.0                       0.0           
        278.514416                    0                      0.000000                  0.000000                    0.0                       0.0           
        279.637458                    0                      0.000000                  0.000000                    0.0                       0.0           
        280.760500                    0                      0.000000                  0.000000                    0.0                       0.0           
        281.883542                    0                      0.000000                  0.000000                    0.0                       0.0           
        283.006584                    0                      0.000000                  0.000000                    0.0                       0.0           
        284.129626                    0                      0.000000                  0.000000                    0.0                       0.0           
        285.252668                    0                      0.000000                  0.000000                    0.0                       0.0           
        286.375710                    0                      0.000000                  0.000000                    0.0                       0.0           
        287.498752                    0                      0.000000                  0.000000                    0.0                       0.0           
        288.621794                    0                      0.000000                  0.000000                    0.0                       0.0           
        289.744836                    0                      0.000000                  0.000000                    0.0                       0.0           
        290.867878                    0                      0.000000                  0.000000                    0.0                       0.0           
        291.990920                    0                      0.000000                  0.000000                    0.0                       0.0           
        293.113962                    0                      0.000000                  0.000000                    0.0                       0.0           
        294.237004                    0                      0.000000                  0.000000                    0.0                       0.0           
        295.360046                    0                      0.000000                  0.000000                    0.0                       0.0           
        296.483088                    0                      0.000000                  0.000000                    0.0                       0.0           
        297.606130                    0                      0.000000                  0.000000                    0.0                       0.0           
        298.729172                    0                      0.000000                  0.000000                    0.0                       0.0           
        299.852214                    0                      0.000000                  0.000000                    0.0                       0.0           
        300.975256                    0                      0.000000                  0.000000                    0.0                       0.0           
        302.098298                    0                      0.000000                  0.000000                    0.0                       0.0           
        303.221340                    0                      0.000000                  0.000000                    0.0                       0.0           
        304.344382                    0                      0.000000                  0.000000                    0.0                       0.0           
        305.467424                    0                      0.000000                  0.000000                    0.0                       0.0           
        306.590466                    0                      0.000000                  0.000000                    0.0                       0.0           
        307.713508                    0                      0.000000                  0.000000                    0.0                       0.0           
        308.836550                    0                      0.000000                  0.000000                    0.0                       0.0           
        309.959592                    0                      0.000000                  0.000000                    0.0                       0.0           
        311.082634                    0                      0.000000                  0.000000                    0.0                       0.0           
        312.205676                    0                      0.000000                  0.000000                    0.0                       0.0           
        313.328718                    0                      0.000000                  0.000000                    0.0                       0.0           
        314.451760                    0                      0.000000                  0.000000                    0.0                       0.0           
        315.574802                    0                      0.000000                  0.000000                    0.0                       0.0           
        316.697844                    0                      0.000000                  0.000000                    0.0                       0.0           
        317.820886                    0                      0.000000                  0.000000                    0.0                       0.0           
        318.943928                    0                      0.000000                  0.000000                    0.0                       0.0           
        320.066970                    0                      0.000000                  0.000000                    0.0                       0.0           
        321.190012                    0                      0.000000                  0.000000                    0.0                       0.0           
        322.313054                    0                      0.000000                  0.000000                    0.0                       0.0           
        323.436096                    0                      0.000000                  0.000000                    0.0                       0.0           
        324.559138                    0                      0.000000                  0.000000                    0.0                       0.0           
        325.682180                    0                      0.000000                  0.000000                    0.0                       0.0           
        326.805222                    0                      0.000000                  0.000000                    0.0                       0.0           
        327.928264                    0                      0.000000                  0.000000                    0.0                       0.0           
        329.051306                    0                      0.000000                  0.000000                    0.0                       0.0           
        330.174348                    0                      0.000000                  0.000000                    0.0                       0.0           
        331.297390                    0                      0.000000                  0.000000                    0.0                       0.0           
        332.420432                    0                      0.000000                  0.000000                    0.0                       0.0           
        333.543474                    0                      0.000000                  0.000000                    0.0                       0.0           
        334.666516                    0                      0.000000                  0.000000                    0.0                       0.0           
        335.789558                    0                      0.000000                  0.000000                    0.0                       0.0           
        336.912600                    0                      0.000000                  0.000000                    0.0                       0.0           
        338.035642                    0                      0.000000                  0.000000                    0.0                       0.0           
        339.158684                    0                      0.000000                  0.000000                    0.0                       0.0           
        340.281726                    0                      0.000000                  0.000000                    0.0                       0.0           
        341.404768                    0                      0.000000                  0.000000                    0.0                       0.0           
        342.527810                    0                      0.000000                  0.000000                    0.0                       0.0           
        343.650852                    0                      0.000000                  0.000000                    0.0                       0.0           
        344.773894                    0                      0.000000                  0.000000                    0.0                       0.0           
        345.896936                    0                      0.000000                  0.000000                    0.0                       0.0           
        347.019978                    0                      0.000000                  0.000000                    0.0                       0.0           
        348.143020                    0                      0.000000                  0.000000                    0.0                       0.0           
        349.266062                    0                      0.000000                  0.000000                    0.0                       0.0           
        350.389104                    0                      0.000000                  0.000000                    0.0                       0.0           
        351.512146                    0                      0.000000                  0.000000                    0.0                       0.0           
        352.635188                    0                      0.000000                  0.000000                    0.0                       0.0           
        353.758230                    0                      0.000000                  0.000000                    0.0                       0.0           
        354.881272                    0                      0.000000                  0.000000                    0.0                       0.0           
        356.004314                    0                      0.000000                  0.000000                    0.0                       0.0           
        357.127356                    0                      0.000000                  0.000000                    0.0                       0.0           
        358.250398                    0                      0.000000                  0.000000                    0.0                       0.0           
        359.373440                    0                      0.000000                  0.000000                    0.0                       0.0           
        360.496482                    0                      0.000000                  0.000000                    0.0                       0.0           
        361.619524                    0                      0.000000                  0.000000                    0.0                       0.0           
        362.742566                    0                      0.000000                  0.000000                    0.0                       0.0           
        363.865608                    0                      0.000000                  0.000000                    0.0                       0.0           
        364.988650                    0                      0.000000                  0.000000                    0.0                       0.0           
        366.111692                    0                      0.000000                  0.000000                    0.0                       0.0           
        367.234734                    0                      0.000000                  0.000000                    0.0                       0.0           
        368.357776                    0                      0.000000                  0.000000                    0.0                       0.0           
        369.480818                    0                      0.000000                  0.000000                    0.0                       0.0           
        370.603860                    0                      0.000000                  0.000000                    0.0                       0.0           
        371.726902                    0                      0.000000                  0.000000                    0.0                       0.0           
        372.849944                    0                      0.000000                  0.000000                    0.0                       0.0           
        373.972986                    0                      0.000000                  0.000000                    0.0                       0.0           
        375.096028                    0                      0.000000                  0.000000                    0.0                       0.0           
        376.219070                    0                      0.000000                  0.000000                    0.0                       0.0           
        377.342112                    0                      0.000000                  0.000000                    0.0                       0.0           
        378.465154                    0                      0.000000                  0.000000                    0.0                       0.0           
        379.588196                    0                      0.000000                  0.000000                    0.0                       0.0           
        380.711238                    0                      0.000000                  0.000000                    0.0                       0.0           
        381.834280                    0                      0.000000                  0.000000                    0.0                       0.0           
        382.957322                    0                      0.000000                  0.000000                    0.0                       0.0           
        384.080364                    0                      0.000000                  0.000000                    0.0                       0.0           
        385.203406                    0                      0.000000                  0.000000                    0.0                       0.0           
        386.326448                    0                      0.000000                  0.000000                    0.0                       0.0           
        387.449490                    0                      0.000000                  0.000000                    0.0                       0.0           
        388.572532                    0                      0.000000                  0.000000                    0.0                       0.0           
        389.695574                    0                      0.000000                  0.000000                    0.0                       0.0           
        390.818616                    0                      0.000000                  0.000000                    0.0                       0.0           
        391.941658                    0                      0.000000                  0.000000                    0.0                       0.0           
        393.064700                    0                      0.000000                  0.000000                    0.0                       0.0           
        394.187742                    0                      0.000000                  0.000000                    0.0                       0.0           
        395.310784                    0                      0.000000                  0.000000                    0.0                       0.0           
        396.433826                    0                      0.000000                  0.000000                    0.0                       0.0           
        397.556868                    0                      0.000000                  0.000000                    0.0                       0.0           
        398.679910                    0                      0.000000                  0.000000                    0.0                       0.0           
        399.802952                    0                      0.000000                  0.000000                    0.0                       0.0           
        400.925994                    0                      0.000000                  0.000000                    0.0                       0.0           
        402.049036                    0                      0.000000                  0.000000                    0.0                       0.0           
        403.172078                    0                      0.000000                  0.000000                    0.0                       0.0           
        404.295120                    0                      0.000000                  0.000000                    0.0                       0.0           
        405.418162                    0                      0.000000                  0.000000                    0.0                       0.0           
        406.541204                    0                      0.000000                  0.000000                    0.0                       0.0           
        407.664246                    0                      0.000000                  0.000000                    0.0                       0.0           
        408.787288                    0                      0.000000                  0.000000                    0.0                       0.0           
        409.910330                    0                      0.000000                  0.000000                    0.0                       0.0           
        411.033372                    0                      0.000000                  0.000000                    0.0                       0.0           
        412.156414                    0                      0.000000                  0.000000                    0.0                       0.0           
        413.279456                    0                      0.000000                  0.000000                    0.0                       0.0           
        414.402498                    0                      0.000000                  0.000000                    0.0                       0.0           
        415.525540                    0                      0.000000                  0.000000                    0.0                       0.0           
        416.648582                    0                      0.000000                  0.000000                    0.0                       0.0           
