 Timestep    Gas_A      Gas_B     Gas_tot    Dense_A    Dense_B   Dense_tot   Lg_clust     MCS       sigALL     sigAA      sigAB      sigBB      phiEff   lg_clustA  tot_clustA LC_density DP_density GP_density
   0.00      100000       0        100000       0          0          0          6          0        1.0205     1.0205     0.0000     0.0000      0.61       4.9        0.0        1.22       0.00       0.76   
249999.00    30933        0        30933      69067        0        69067       9997       4316      0.8827     0.8827     0.0000     0.0000      0.53      6117.7    42265.6      1.63       1.63       0.35   
499998.00    18884        0        18884      81116        0        81116      17489       7374      0.8581     0.8581     0.0000     0.0000      0.51     10114.2    46910.7      1.73       1.73       0.22   
749997.00    13870        0        13870      86130        0        86130      20645      12304      0.8562     0.8562     0.0000     0.0000      0.51     11886.5    49590.1      1.74       1.74       0.17   
999996.00    10363        0        10363      89637        0        89637      44089      17927      0.8546     0.8546     0.0000     0.0000      0.51     25289.8    51416.6      1.74       1.74       0.13   
1249995.00   10663        0        10663      89337        0        89337      63863      44668      0.8601     0.8601     0.0000     0.0000      0.52     37105.4    51906.2      1.72       1.72       0.13   
1499994.00   10109        0        10109      89891        0        89891      49059      22472      0.8518     0.8518     0.0000     0.0000      0.51     27956.6    51224.9      1.75       1.75       0.13   
1749993.00    9459        0         9459      90541        0        90541      51710      22635      0.8567     0.8567     0.0000     0.0000      0.51     29807.3    52190.6      1.73       1.73       0.12   
1999992.00    9641        0         9641      90359        0        90359      80689      30119      0.8509     0.8509     0.0000     0.0000      0.51     45884.0    51382.9      1.76       1.76       0.12   
2249991.00    9097        0         9097      90903        0        90903      83759      30301      0.8549     0.8549     0.0000     0.0000      0.51     48078.6    52179.4      1.74       1.74       0.12   
2499990.00    9629        0         9629      90371        0        90371      86870      45185      0.8557     0.8557     0.0000     0.0000      0.51     49957.7    51971.1      1.74       1.74       0.12   
2749989.00    8484        0         8484      91516        0        91516      90059      45758      0.8572     0.8572     0.0000     0.0000      0.51     51973.4    52814.3      1.73       1.73       0.11   
2999988.00    8567        0         8567      91433        0        91433      91433      91433      0.8581     0.8581     0.0000     0.0000      0.51     52877.2    52877.2      1.73       1.73       0.11   
3249987.00    8192        0         8192      91808        0        91808      68289      45904      0.8556     0.8556     0.0000     0.0000      0.51     39262.9    52785.2      1.74       1.74       0.10   
3499986.00    7749        0         7749      92251        0        92251      92251      92251      0.8569     0.8569     0.0000     0.0000      0.51     53201.2    53201.2      1.73       1.73       0.10   
3749985.00    8033        0         8033      91967        0        91967      91967      91967      0.8603     0.8603     0.0000     0.0000      0.52     53459.1    53459.1      1.72       1.72       0.10   
3999984.00    7240        0         7240      92760        0        92760      92760      92760      0.8599     0.8599     0.0000     0.0000      0.52     53869.9    53869.9      1.72       1.72       0.09   
4249983.00    7793        0         7793      92207        0        92207      92207      92207      0.8593     0.8593     0.0000     0.0000      0.52     53474.1    53474.1      1.72       1.72       0.10   
4499982.00    7977        0         7977      92023        0        92023      92023      92023      0.8588     0.8588     0.0000     0.0000      0.52     53305.3    53305.3      1.73       1.73       0.10   
4749981.00    7761        0         7761      92239        0        92239      92239      92239      0.8551     0.8551     0.0000     0.0000      0.51     52971.0    52971.0      1.74       1.74       0.10   
4999980.00    7455        0         7455      92545        0        92545      92545      92545      0.8536     0.8536     0.0000     0.0000      0.51     52960.4    52960.4      1.75       1.75       0.10   
5249979.00    7443        0         7443      92557        0        92557      92557      92557      0.8586     0.8586     0.0000     0.0000      0.52     53589.6    53589.6      1.73       1.73       0.10   
5499978.00    8017        0         8017      91983        0        91983      91983      91983      0.8532     0.8532     0.0000     0.0000      0.51     52589.5    52589.5      1.75       1.75       0.10   
5749977.00    7611        0         7611      92389        0        92389      92389      92389      0.8607     0.8607     0.0000     0.0000      0.52     53754.4    53754.4      1.72       1.72       0.10   
5999976.00    7932        0         7932      92068        0        92068      92068      92068      0.8579     0.8579     0.0000     0.0000      0.51     53219.6    53219.6      1.73       1.73       0.10   
6249975.00    7586        0         7586      92414        0        92414      92414      92414      0.8645     0.8645     0.0000     0.0000      0.52     54244.7    54244.7      1.70       1.70       0.10   
6499974.00    6894        0         6894      93106        0        93106      93106      93106      0.8554     0.8554     0.0000     0.0000      0.51     53506.4    53506.4      1.74       1.74       0.09   
6749973.00    7081        0         7081      92919        0        92919      92919      92919      0.8568     0.8568     0.0000     0.0000      0.51     53573.9    53573.9      1.73       1.73       0.09   
6999972.00    7904        0         7904      92096        0        92096      92096      92096      0.8597     0.8597     0.0000     0.0000      0.52     53459.5    53459.5      1.72       1.72       0.10   
7249971.00    8114        0         8114      91886        0        91886      91886      91886      0.8517     0.8517     0.0000     0.0000      0.51     52349.5    52349.5      1.76       1.76       0.10   
7499970.00    7415        0         7415      92585        0        92585      92585      92585      0.8564     0.8564     0.0000     0.0000      0.51     53331.5    53331.5      1.74       1.74       0.10   
7749969.00    6868        0         6868      93132        0        93132      93132      93132      0.8579     0.8579     0.0000     0.0000      0.51     53834.7    53834.7      1.73       1.73       0.09   
7999968.00    7447        0         7447      92553        0        92553      92553      92553      0.8585     0.8585     0.0000     0.0000      0.52     53574.9    53574.9      1.73       1.73       0.10   
8249967.00    7704        0         7704      92296        0        92296      92296      92296      0.8552     0.8552     0.0000     0.0000      0.51     53016.1    53016.1      1.74       1.74       0.10   
8499966.00    8143        0         8143      91857        0        91857      91857      91857      0.8595     0.8595     0.0000     0.0000      0.52     53295.9    53295.9      1.72       1.72       0.10   
8749965.00    7802        0         7802      92198        0        92198      92198      92198      0.8516     0.8516     0.0000     0.0000      0.51     52514.9    52514.9      1.76       1.76       0.10   
8999964.00    7741        0         7741      92259        0        92259      92259      92259      0.8533     0.8533     0.0000     0.0000      0.51     52759.7    52759.7      1.75       1.75       0.10   
9249963.00    7545        0         7545      92455        0        92455      92455      92455      0.8485     0.8485     0.0000     0.0000      0.51     52278.6    52278.6      1.77       1.77       0.10   
9499962.00    6785        0         6785      93215        0        93215      93215      93215      0.8580     0.8580     0.0000     0.0000      0.51     53895.2    53895.2      1.73       1.73       0.09   
9749961.00    7880        0         7880      92120        0        92120      92120      92120      0.8552     0.8552     0.0000     0.0000      0.51     52915.0    52915.0      1.74       1.74       0.10   
9999960.00    7299        0         7299      92701        0        92701      92701      92701      0.8523     0.8523     0.0000     0.0000      0.51     52888.3    52888.3      1.75       1.75       0.09   
10249959.00    7284        0         7284      92716        0        92716      92716      92716      0.8566     0.8566     0.0000     0.0000      0.51     53431.9    53431.9      1.74       1.74       0.09   
10499958.00    7447        0         7447      92553        0        92553      92553      92553      0.8576     0.8576     0.0000     0.0000      0.51     53462.6    53462.6      1.73       1.73       0.10   
10749957.00    7361        0         7361      92639        0        92639      92639      92639      0.8598     0.8598     0.0000     0.0000      0.52     53787.2    53787.2      1.72       1.72       0.10   
10999956.00    7708        0         7708      92292        0        92292      92292      92292      0.8554     0.8554     0.0000     0.0000      0.51     53038.6    53038.6      1.74       1.74       0.10   
11249955.00    7317        0         7317      92683        0        92683      92683      92683      0.8544     0.8544     0.0000     0.0000      0.51     53138.9    53138.9      1.74       1.74       0.09   
11499954.00    7356        0         7356      92644        0        92644      92644      92644      0.8579     0.8579     0.0000     0.0000      0.51     53552.6    53552.6      1.73       1.73       0.10   
11749953.00    7648        0         7648      92352        0        92352      92352      92352      0.8577     0.8577     0.0000     0.0000      0.51     53358.9    53358.9      1.73       1.73       0.10   
11999952.00    7703        0         7703      92297        0        92297      92297      92297      0.8537     0.8537     0.0000     0.0000      0.51     52830.9    52830.9      1.75       1.75       0.10   
12249951.00    7596        0         7596      92404        0        92404      92404      92404      0.8545     0.8545     0.0000     0.0000      0.51     52991.3    52991.3      1.74       1.74       0.10   
12499950.00    7404        0         7404      92596        0        92596      92596      92596      0.8603     0.8603     0.0000     0.0000      0.52     53824.7    53824.7      1.72       1.72       0.10   
12749949.00    7877        0         7877      92123        0        92123      92123      92123      0.8647     0.8647     0.0000     0.0000      0.52     54099.0    54099.0      1.70       1.70       0.10   
12999948.00    7410        0         7410      92590        0        92590      92590      92590      0.8576     0.8576     0.0000     0.0000      0.51     53484.0    53484.0      1.73       1.73       0.10   
13249947.00    8177        0         8177      91823        0        91823      91823      91823      0.8541     0.8541     0.0000     0.0000      0.51     52608.8    52608.8      1.75       1.75       0.10   
13499946.00    7699        0         7699      92301        0        92301      92301      92301      0.8568     0.8568     0.0000     0.0000      0.51     53217.6    53217.6      1.73       1.73       0.10   
13749945.00    7026        0         7026      92974        0        92974      92974      92974      0.8597     0.8597     0.0000     0.0000      0.52     53969.1    53969.1      1.72       1.72       0.09   
13999944.00    7594        0         7594      92406        0        92406      92406      92406      0.8594     0.8594     0.0000     0.0000      0.52     53602.0    53602.0      1.72       1.72       0.10   
14249943.00    7995        0         7995      92005        0        92005      92005      92005      0.8531     0.8531     0.0000     0.0000      0.51     52589.8    52589.8      1.75       1.75       0.10   
14499942.00    7139        0         7139      92861        0        92861      92861      92861      0.8584     0.8584     0.0000     0.0000      0.52     53740.6    53740.6      1.73       1.73       0.09   
14749941.00    7699        0         7699      92301        0        92301      92301      92301      0.8542     0.8542     0.0000     0.0000      0.51     52895.1    52895.1      1.74       1.74       0.10   
14999940.00    7949        0         7949      92051        0        92051      92051      92051      0.8555     0.8555     0.0000     0.0000      0.51     52912.5    52912.5      1.74       1.74       0.10   
15249939.00    8129        0         8129      91871        0        91871      91871      91871      0.8625     0.8625     0.0000     0.0000      0.52     53676.8    53676.8      1.71       1.71       0.11   
15499938.00    8216        0         8216      91784        0        91784      91784      91784      0.8575     0.8575     0.0000     0.0000      0.51     53006.0    53006.0      1.73       1.73       0.11   
15749937.00    7685        0         7685      92315        0        92315      92315      92315      0.8543     0.8543     0.0000     0.0000      0.51     52915.5    52915.5      1.74       1.74       0.10   
15999936.00    6939        0         6939      93061        0        93061      93061      93061      0.8641     0.8641     0.0000     0.0000      0.52     54574.0    54574.0      1.71       1.71       0.09   
16249935.00    8525        0         8525      91475        0        91475      91475      91475      0.8568     0.8568     0.0000     0.0000      0.51     52741.3    52741.3      1.73       1.73       0.11   
16499934.00    7993        0         7993      92007        0        92007      92007      92007      0.8545     0.8545     0.0000     0.0000      0.51     52763.7    52763.7      1.74       1.74       0.10   
16749933.00    7565        0         7565      92435        0        92435      92435      92435      0.8550     0.8550     0.0000     0.0000      0.51     53071.2    53071.2      1.74       1.74       0.10   
16999932.00    7623        0         7623      92377        0        92377      92377      92377      0.8594     0.8594     0.0000     0.0000      0.52     53585.1    53585.1      1.72       1.72       0.10   
17249931.00    7961        0         7961      92039        0        92039      92039      92039      0.8555     0.8555     0.0000     0.0000      0.51     52905.6    52905.6      1.74       1.74       0.10   
17499930.00    8339        0         8339      91661        0        91661      91661      91661      0.8475     0.8475     0.0000     0.0000      0.51     51707.5    51707.5      1.77       1.77       0.11   
17749929.00    7817        0         7817      92183        0        92183      92183      92183      0.8550     0.8550     0.0000     0.0000      0.51     52926.5    52926.5      1.74       1.74       0.10   
17999928.00    7098        0         7098      92902        0        92902      92902      92902      0.8623     0.8623     0.0000     0.0000      0.52     54254.0    54254.0      1.71       1.71       0.09   
18249927.00    7571        0         7571      92429        0        92429      92429      92429      0.8569     0.8569     0.0000     0.0000      0.51     53303.8    53303.8      1.73       1.73       0.10   
18499926.00    6949        0         6949      93051        0        93051      93051      93051      0.8597     0.8597     0.0000     0.0000      0.52     54013.8    54013.8      1.72       1.72       0.09   
18749925.00    7618        0         7618      92382        0        92382      92382      92382      0.8556     0.8556     0.0000     0.0000      0.51     53115.2    53115.2      1.74       1.74       0.10   
18999924.00    7697        0         7697      92303        0        92303      92303      92303      0.8595     0.8595     0.0000     0.0000      0.52     53554.7    53554.7      1.72       1.72       0.10   
19249923.00    8089        0         8089      91911        0        91911      91911      91911      0.8535     0.8535     0.0000     0.0000      0.51     52585.3    52585.3      1.75       1.75       0.10   
19499922.00    7463        0         7463      92537        0        92537      92537      92537      0.8555     0.8555     0.0000     0.0000      0.51     53191.9    53191.9      1.74       1.74       0.10   
19749921.00    7215        0         7215      92785        0        92785      92785      92785      0.8576     0.8576     0.0000     0.0000      0.51     53596.6    53596.6      1.73       1.73       0.09   
19999920.00    7479        0         7479      92521        0        92521      92521      92521      0.8568     0.8568     0.0000     0.0000      0.51     53344.4    53344.4      1.73       1.73       0.10   
20249919.00    8125        0         8125      91875        0        91875      91875      91875      0.8596     0.8596     0.0000     0.0000      0.52     53318.8    53318.8      1.72       1.72       0.10   
20499918.00    7598        0         7598      92402        0        92402      92402      92402      0.8552     0.8552     0.0000     0.0000      0.51     53077.0    53077.0      1.74       1.74       0.10   
20749917.00    7938        0         7938      92062        0        92062      92062      92062      0.8583     0.8583     0.0000     0.0000      0.51     53265.8    53265.8      1.73       1.73       0.10   
20999916.00    7360        0         7360      92640        0        92640      92640      92640      0.8560     0.8560     0.0000     0.0000      0.51     53313.3    53313.3      1.74       1.74       0.09   
21249915.00    7179        0         7179      92821        0        92821      92821      92821      0.8565     0.8565     0.0000     0.0000      0.51     53479.9    53479.9      1.74       1.74       0.09   
21499914.00    7326        0         7326      92674        0        92674      92674      92674      0.8593     0.8593     0.0000     0.0000      0.52     53744.9    53744.9      1.72       1.72       0.09   
21749913.00    7972        0         7972      92028        0        92028      92028      92028      0.8604     0.8604     0.0000     0.0000      0.52     53507.0    53507.0      1.72       1.72       0.10   
21999912.00    8266        0         8266      91734        0        91734      91734      91734      0.8583     0.8583     0.0000     0.0000      0.51     53076.0    53076.0      1.73       1.73       0.11   
22249911.00    7250        0         7250      92750        0        92750      92750      92750      0.8551     0.8551     0.0000     0.0000      0.51     53264.5    53264.5      1.74       1.74       0.09   
22499910.00    7513        0         7513      92487        0        92487      92487      92487      0.8518     0.8518     0.0000     0.0000      0.51     52704.3    52704.3      1.75       1.75       0.10   
22749909.00    6910        0         6910      93090        0        93090      93090      93090      0.8551     0.8551     0.0000     0.0000      0.51     53459.7    53459.7      1.74       1.74       0.09   
22999908.00    7068        0         7068      92932        0        92932      92932      92932      0.8599     0.8599     0.0000     0.0000      0.52     53969.8    53969.8      1.72       1.72       0.09   
23249907.00    7603        0         7603      92397        0        92397      92397      92397      0.8587     0.8587     0.0000     0.0000      0.52     53509.5    53509.5      1.73       1.73       0.10   
23499906.00    7695        0         7695      92305        0        92305      92305      92305      0.8541     0.8541     0.0000     0.0000      0.51     52885.0    52885.0      1.75       1.75       0.10   
23749905.00    7723        0         7723      92277        0        92277      92277      92277      0.8562     0.8562     0.0000     0.0000      0.51     53129.3    53129.3      1.74       1.74       0.10   
23999904.00    7149        0         7149      92851        0        92851      92851      92851      0.8545     0.8545     0.0000     0.0000      0.51     53247.7    53247.7      1.74       1.74       0.09   
24249903.00    6998        0         6998      93002        0        93002      93002      93002      0.8595     0.8595     0.0000     0.0000      0.52     53960.2    53960.2      1.72       1.72       0.09   
24499902.00    7207        0         7207      92793        0        92793      92793      92793      0.8565     0.8565     0.0000     0.0000      0.51     53463.8    53463.8      1.74       1.74       0.09   
24749901.00    8094        0         8094      91906        0        91906      91906      91906      0.8545     0.8545     0.0000     0.0000      0.51     52705.7    52705.7      1.74       1.74       0.10   
24999900.00    7619        0         7619      92381        0        92381      92381      92381      0.8562     0.8562     0.0000     0.0000      0.51     53189.1    53189.1      1.74       1.74       0.10   
