 Timestep    Gas_A      Gas_B     Gas_tot    Dense_A    Dense_B   Dense_tot   Lg_clust     MCS       sigALL     sigAA      sigAB      sigBB      phiEff   lg_clustA  tot_clustA LC_density DP_density GP_density
   0.00      100000       0        100000       0          0          0          7          0        1.0095     1.0095     0.0000     0.0000      0.61       5.6        0.0        1.25       0.00       0.76   
150000.00    72964        0        72964      27036        0        27036       3815       1802      0.9972     0.9972     0.0000     0.0000      0.60      2979.5    21115.3      1.28       1.28       0.66   
300000.00    51287        0        51287      48713        0        48713       8385       2706      0.9976     0.9976     0.0000     0.0000      0.60      6554.0    38075.7      1.28       1.28       0.55   
450000.00    40887        0        40887      59113        0        59113       5583       2463      0.9915     0.9915     0.0000     0.0000      0.59      4310.7    45641.3      1.30       1.30       0.48   
600000.00    33012        0        33012      66988        0        66988      10672       2791      0.9881     0.9881     0.0000     0.0000      0.59      8183.5    51367.5      1.30       1.30       0.42   
750000.00    27253        0        27253      72747        0        72747       9491       3306      0.9746     0.9746     0.0000     0.0000      0.58      7080.3    54269.7      1.34       1.34       0.36   
900000.00    25049        0        25049      74951        0        74951      14870       4163      0.9541     0.9541     0.0000     0.0000      0.57     10631.4    53586.5      1.40       1.40       0.32   
1050000.00   22746        0        22746      77254        0        77254      20288       4544      0.9493     0.9493     0.0000     0.0000      0.57     14359.4    54678.7      1.41       1.41       0.30   
1200000.00   21204        0        21204      78796        0        78796      14231       5253      0.9545     0.9545     0.0000     0.0000      0.57     10183.0    56382.7      1.40       1.40       0.28   
1350000.00   20271        0        20271      79729        0        79729      14133       4983      0.9774     0.9774     0.0000     0.0000      0.59     10604.0    59820.6      1.33       1.33       0.29   
1500000.00   20856        0        20856      79144        0        79144       9739       5276      0.9619     0.9619     0.0000     0.0000      0.58      7077.2    57513.2      1.38       1.38       0.28   
1650000.00   19726        0        19726      80274        0        80274      20060       6689      0.9588     0.9588     0.0000     0.0000      0.58     14483.6    57959.0      1.39       1.39       0.27   
1800000.00   19227        0        19227      80773        0        80773      23639       6731      0.9684     0.9684     0.0000     0.0000      0.58     17411.2    59493.0      1.36       1.36       0.27   
1950000.00   19685        0        19685      80315        0        80315      23900       6178      0.9487     0.9487     0.0000     0.0000      0.57     16894.5    56773.3      1.41       1.41       0.27   
2100000.00   19769        0        19769      80231        0        80231      24062       6171      0.9637     0.9637     0.0000     0.0000      0.58     17551.1    58521.5      1.37       1.37       0.27   
2250000.00   19005        0        19005      80995        0        80995      31330       8999      0.9520     0.9520     0.0000     0.0000      0.57     22301.0    57653.0      1.40       1.40       0.26   
2400000.00   18659        0        18659      81341        0        81341      29615       9037      0.9496     0.9496     0.0000     0.0000      0.57     20974.1    57607.7      1.41       1.41       0.25   
2550000.00   18114        0        18114      81886        0        81886      46036       9098      0.9558     0.9558     0.0000     0.0000      0.57     33031.0    58753.5      1.39       1.39       0.25   
2700000.00   17881        0        17881      82119        0        82119      46672      10264      0.9620     0.9620     0.0000     0.0000      0.58     33923.2    59687.5      1.38       1.38       0.25   
2850000.00   18309        0        18309      81691        0        81691      47125      10211      0.9455     0.9455     0.0000     0.0000      0.57     33087.5    57357.1      1.42       1.42       0.25   
3000000.00   18080        0        18080      81920        0        81920      51037      10240      0.9698     0.9698     0.0000     0.0000      0.58     37699.8    60512.4      1.35       1.35       0.26   
3150000.00   17809        0        17809      82191        0        82191      30426      10273      0.9563     0.9563     0.0000     0.0000      0.57     21853.6    59034.0      1.39       1.39       0.25   
3300000.00   18112        0        18112      81888        0        81888      38799      16377      0.9520     0.9520     0.0000     0.0000      0.57     27617.5    58288.7      1.40       1.40       0.25   
3450000.00   17873        0        17873      82127        0        82127      39457      16425      0.9459     0.9459     0.0000     0.0000      0.57     27727.1    57712.0      1.42       1.42       0.24   
3600000.00   18227        0        18227      81773        0        81773      40282      16354      0.9629     0.9629     0.0000     0.0000      0.58     29333.5    59547.3      1.37       1.37       0.26   
3750000.00   18429        0        18429      81571        0        81571      40215      13595      0.9567     0.9567     0.0000     0.0000      0.57     28908.8    58637.7      1.39       1.39       0.26   
3900000.00   18289        0        18289      81711        0        81711      40352      13618      0.9556     0.9556     0.0000     0.0000      0.57     28940.6    58603.4      1.39       1.39       0.25   
4050000.00   18392        0        18392      81608        0        81608      40627      16321      0.9638     0.9638     0.0000     0.0000      0.58     29640.0    59538.3      1.37       1.37       0.26   
4200000.00   17922        0        17922      82078        0        82078      41032      16415      0.9497     0.9497     0.0000     0.0000      0.57     29066.0    58141.9      1.41       1.41       0.25   
4350000.00   17642        0        17642      82358        0        82358      44845      20589      0.9588     0.9588     0.0000     0.0000      0.58     32378.7    59463.7      1.39       1.39       0.25   
4500000.00   17620        0        17620      82380        0        82380      44868      20595      0.9481     0.9481     0.0000     0.0000      0.57     31676.3    58159.4      1.42       1.42       0.24   
4650000.00   17371        0        17371      82629        0        82629      34402      16525      0.9598     0.9598     0.0000     0.0000      0.58     24890.6    59783.8      1.38       1.38       0.24   
4800000.00   17058        0        17058      82942        0        82942      34641      20735      0.9586     0.9586     0.0000     0.0000      0.58     25000.9    59860.3      1.39       1.39       0.24   
4950000.00   17438        0        17438      82562        0        82562      37091      13760      0.9523     0.9523     0.0000     0.0000      0.57     26418.4    58805.5      1.40       1.40       0.24   
5100000.00   17772        0        17772      82228        0        82228      48300      20557      0.9601     0.9601     0.0000     0.0000      0.58     34967.9    59530.9      1.38       1.38       0.25   
5250000.00   17498        0        17498      82502        0        82502      37116      16500      0.9439     0.9439     0.0000     0.0000      0.57     25971.9    57730.6      1.43       1.43       0.24   
5400000.00   17280        0        17280      82720        0        82720      37112      13786      0.9478     0.9478     0.0000     0.0000      0.57     26184.1    58362.5      1.42       1.42       0.24   
5550000.00   17206        0        17206      82794        0        82794      37395      13799      0.9464     0.9464     0.0000     0.0000      0.57     26305.9    58242.3      1.42       1.42       0.24   
5700000.00   17843        0        17843      82157        0        82157      36706      13692      0.9562     0.9562     0.0000     0.0000      0.57     26358.7    58997.3      1.39       1.39       0.25   
5850000.00   17995        0        17995      82005        0        82005      36646      13667      0.9540     0.9540     0.0000     0.0000      0.57     26194.7    58617.5      1.40       1.40       0.25   
6000000.00   17703        0        17703      82297        0        82297      36984      13716      0.9565     0.9565     0.0000     0.0000      0.57     26575.0    59134.9      1.39       1.39       0.25   
6150000.00   17097        0        17097      82903        0        82903      37588      13817      0.9434     0.9434     0.0000     0.0000      0.57     26274.3    57949.8      1.43       1.43       0.23   
6300000.00   16756        0        16756      83244        0        83244      37790      13874      0.9443     0.9443     0.0000     0.0000      0.57     26465.9    58299.2      1.43       1.43       0.23   
6450000.00   16889        0        16889      83111        0        83111      37948      13851      0.9493     0.9493     0.0000     0.0000      0.57     26858.7    58824.1      1.41       1.41       0.23   
6600000.00   16737        0        16737      83263        0        83263      67138      16652      0.9543     0.9543     0.0000     0.0000      0.57     48020.7    59554.1      1.40       1.40       0.23   
6750000.00   16847        0        16847      83153        0        83153      67432      16630      0.9501     0.9501     0.0000     0.0000      0.57     47807.3    58953.1      1.41       1.41       0.23   
6900000.00   17015        0        17015      82985        0        82985      38714      13830      0.9473     0.9473     0.0000     0.0000      0.57     27285.6    58487.7      1.42       1.42       0.23   
7050000.00   17083        0        17083      82917        0        82917      38878      13819      0.9411     0.9411     0.0000     0.0000      0.56     27043.7    57677.3      1.44       1.44       0.23   
7200000.00   17483        0        17483      82517        0        82517      39019      13752      0.9423     0.9423     0.0000     0.0000      0.57     27211.0    57545.5      1.43       1.43       0.24   
7350000.00   17734        0        17734      82266        0        82266      39095      13711      0.9508     0.9508     0.0000     0.0000      0.57     27758.1    58410.2      1.41       1.41       0.24   
7500000.00   17190        0        17190      82810        0        82810      39734      13801      0.9465     0.9465     0.0000     0.0000      0.57     27957.2    58265.8      1.42       1.42       0.24   
7650000.00   17612        0        17612      82388        0        82388      39768      13731      0.9550     0.9550     0.0000     0.0000      0.57     28485.9    59014.8      1.40       1.40       0.25   
7800000.00   18944        0        18944      81056        0        81056      39837      16211      0.9524     0.9524     0.0000     0.0000      0.57     28380.2    57744.9      1.40       1.40       0.26   
7950000.00   18358        0        18358      81642        0        81642      40228      16328      0.9517     0.9517     0.0000     0.0000      0.57     28616.6    58076.9      1.41       1.41       0.25   
8100000.00   18214        0        18214      81786        0        81786      69471      20446      0.9511     0.9511     0.0000     0.0000      0.57     49356.7    58106.0      1.41       1.41       0.25   
8250000.00   18380        0        18380      81620        0        81620      40163      16324      0.9537     0.9537     0.0000     0.0000      0.57     28690.6    58305.6      1.40       1.40       0.25   
8400000.00   18036        0        18036      81964        0        81964      40243      20491      0.9481     0.9481     0.0000     0.0000      0.57     28411.1    57865.7      1.42       1.42       0.25   
8550000.00   17544        0        17544      82456        0        82456      70372      20614      0.9524     0.9524     0.0000     0.0000      0.57     50133.6    58742.3      1.40       1.40       0.24   
8700000.00   17420        0        17420      82580        0        82580      70996      27526      0.9471     0.9471     0.0000     0.0000      0.57     50016.7    58177.7      1.42       1.42       0.24   
8850000.00   17675        0        17675      82325        0        82325      71202      27441      0.9518     0.9518     0.0000     0.0000      0.57     50661.0    58575.1      1.41       1.41       0.24   
9000000.00   17791        0        17791      82209        0        82209      71387      27403      0.9556     0.9556     0.0000     0.0000      0.57     51199.0    58960.6      1.39       1.39       0.25   
9150000.00   17934        0        17934      82066        0        82066      71885      27355      0.9438     0.9438     0.0000     0.0000      0.57     50290.7    57413.4      1.43       1.43       0.24   
9300000.00   17716        0        17716      82284        0        82284      72285      27428      0.9412     0.9412     0.0000     0.0000      0.56     50292.3    57249.2      1.44       1.44       0.24   
9450000.00   18223        0        18223      81777        0        81777      72305      27259      0.9572     0.9572     0.0000     0.0000      0.57     52031.2    58847.3      1.39       1.39       0.25   
9600000.00   17516        0        17516      82484        0        82484      73110      27494      0.9440     0.9440     0.0000     0.0000      0.57     51169.4    57730.3      1.43       1.43       0.24   
9750000.00   17153        0        17153      82847        0        82847      73694      27615      0.9529     0.9529     0.0000     0.0000      0.57     52555.3    59082.8      1.40       1.40       0.24   
9900000.00   17836        0        17836      82164        0        82164      74240      41082      0.9540     0.9540     0.0000     0.0000      0.57     53067.0    58731.1      1.40       1.40       0.25   
10050000.00   17523        0        17523      82477        0        82477      60387      27492      0.9446     0.9446     0.0000     0.0000      0.57     42318.4    57798.8      1.43       1.43       0.24   
10200000.00   17221        0        17221      82779        0        82779      74716      41389      0.9421     0.9421     0.0000     0.0000      0.57     52083.2    57703.8      1.43       1.43       0.24   
10350000.00   17433        0        17433      82567        0        82567      74713      41283      0.9539     0.9539     0.0000     0.0000      0.57     53393.9    59006.8      1.40       1.40       0.24   
10500000.00   16972        0        16972      83028        0        83028      75076      41514      0.9473     0.9473     0.0000     0.0000      0.57     52913.5    58518.0      1.42       1.42       0.23   
10650000.00   17152        0        17152      82848        0        82848      60375      27616      0.9576     0.9576     0.0000     0.0000      0.57     43482.6    59667.8      1.39       1.39       0.24   
10800000.00   17761        0        17761      82239        0        82239      59889      27413      0.9533     0.9533     0.0000     0.0000      0.57     42746.1    58698.5      1.40       1.40       0.25   
10950000.00   17623        0        17623      82377        0        82377      59717      27459      0.9521     0.9521     0.0000     0.0000      0.57     42516.1    58649.1      1.40       1.40       0.24   
11100000.00   16898        0        16898      83102        0        83102      60260      27700      0.9488     0.9488     0.0000     0.0000      0.57     42605.8    58755.8      1.41       1.41       0.23   
11250000.00   16912        0        16912      83088        0        83088      60070      27696      0.9461     0.9461     0.0000     0.0000      0.57     42230.1    58412.0      1.42       1.42       0.23   
11400000.00   16849        0        16849      83151        0        83151      60155      27717      0.9432     0.9432     0.0000     0.0000      0.57     42030.9    58098.5      1.43       1.43       0.23   
11550000.00   17057        0        17057      82943        0        82943      60157      27647      0.9463     0.9463     0.0000     0.0000      0.57     42309.1    58334.7      1.42       1.42       0.24   
11700000.00   17671        0        17671      82329        0        82329      59565      27443      0.9410     0.9410     0.0000     0.0000      0.56     41424.8    57256.1      1.44       1.44       0.24   
11850000.00   17383        0        17383      82617        0        82617      60020      27539      0.9493     0.9493     0.0000     0.0000      0.57     42480.8    58474.5      1.41       1.41       0.24   
12000000.00   17151        0        17151      82849        0        82849      60604      27616      0.9557     0.9557     0.0000     0.0000      0.57     43474.5    59432.0      1.39       1.39       0.24   
12150000.00   17474        0        17474      82526        0        82526      60480      27508      0.9551     0.9551     0.0000     0.0000      0.57     43331.1    59126.0      1.40       1.40       0.24   
12300000.00   16432        0        16432      83568        0        83568      61069      27856      0.9593     0.9593     0.0000     0.0000      0.58     44138.7    60400.3      1.38       1.38       0.23   
12450000.00   16132        0        16132      83868        0        83868      76018      41934      0.9591     0.9591     0.0000     0.0000      0.58     54920.5    60591.8      1.38       1.38       0.23   
12600000.00   17362        0        17362      82638        0        82638      74923      41319      0.9548     0.9548     0.0000     0.0000      0.57     53645.1    59169.0      1.40       1.40       0.24   
12750000.00   17835        0        17835      82165        0        82165      60379      27388      0.9510     0.9510     0.0000     0.0000      0.57     42888.1    58363.0      1.41       1.41       0.25   
12900000.00   17470        0        17470      82530        0        82530      75160      41265      0.9426     0.9426     0.0000     0.0000      0.57     52448.3    57591.3      1.43       1.43       0.24   
13050000.00   17180        0        17180      82820        0        82820      75560      41410      0.9499     0.9499     0.0000     0.0000      0.57     53547.3    58692.3      1.41       1.41       0.24   
13200000.00   16685        0        16685      83315        0        83315      76266      41657      0.9424     0.9424     0.0000     0.0000      0.57     53197.5    58114.4      1.43       1.43       0.23   
13350000.00   16586        0        16586      83414        0        83414      76472      41707      0.9495     0.9495     0.0000     0.0000      0.57     54148.0    59063.4      1.41       1.41       0.23   
13500000.00   16712        0        16712      83288        0        83288      76488      41644      0.9447     0.9447     0.0000     0.0000      0.57     53613.1    58379.5      1.43       1.43       0.23   
13650000.00   16062        0        16062      83938        0        83938      77112      41969      0.9443     0.9443     0.0000     0.0000      0.57     54004.7    58785.3      1.43       1.43       0.22   
13800000.00   16446        0        16446      83554        0        83554      76776      41777      0.9467     0.9467     0.0000     0.0000      0.57     54043.1    58814.2      1.42       1.42       0.23   
13950000.00   16597        0        16597      83403        0        83403      76716      41701      0.9542     0.9542     0.0000     0.0000      0.57     54859.9    59641.8      1.40       1.40       0.23   
14100000.00   16815        0        16815      83185        0        83185      76575      41592      0.9496     0.9496     0.0000     0.0000      0.57     54232.3    58913.7      1.41       1.41       0.23   
14250000.00   17082        0        17082      82918        0        82918      76673      41459      0.9380     0.9380     0.0000     0.0000      0.56     52983.2    57298.6      1.45       1.45       0.23   
14400000.00   16945        0        16945      83055        0        83055      76962      41527      0.9431     0.9431     0.0000     0.0000      0.57     53762.8    58019.1      1.43       1.43       0.23   
14550000.00   16449        0        16449      83551        0        83551      77590      41775      0.9476     0.9476     0.0000     0.0000      0.57     54720.0    58923.9      1.42       1.42       0.23   
14700000.00   16113        0        16113      83887        0        83887      83887      83887      0.9422     0.9422     0.0000     0.0000      0.57     58488.5    58488.5      1.43       1.43       0.22   
14850000.00   16190        0        16190      83810        0        83810      83810      83810      0.9552     0.9552     0.0000     0.0000      0.57     60058.5    60058.5      1.40       1.40       0.23   
