 Timestep    Gas_A      Gas_B     Gas_tot    Dense_A    Dense_B   Dense_tot   Lc_numA    Lc_numB    Lg_clust     MCS       sigALL     sigAA      sigAB      sigBB      phiEff   lg_clustA  tot_clustA LC_density DP_density GP_density
   0.00      219450     219501     438951     30550      30499      61049       1467       1476       2943       1356      0.8345     0.8345     0.8390     0.8511      0.50      1642.1    34060.6      1.79       1.79       0.71   
200000.00    196642     196842     393484     53358      53158      106516      2239       2330       4569       1613      0.8344     0.8293     0.8366     0.8352      0.50      2485.9    57944.5      1.84       1.84       0.66   
400000.00    192245     191832     384077     57755      58168      115923      2951       2955       5906       1756      0.8387     0.8386     0.8353     0.8281      0.50      3221.5    63228.4      1.83       1.83       0.65   
600000.00    188386     187956     376342     61614      62044      123658      4941       4937       9878       1792      0.8426     0.8344     0.8360     0.8470      0.51      5483.6    68650.1      1.80       1.80       0.64   
800000.00    189408     189476     378884     60592      60524      121116      4148       4156       8304       1863      0.8379     0.8402     0.8379     0.8431      0.50      4620.0    67383.7      1.80       1.80       0.65   
1000000.00   185394     185106     370500     64606      64894      129500      2709       2665       5374       1823      0.8289     0.8387     0.8283     0.8368      0.50      2962.3    71381.7      1.81       1.81       0.64   
1200000.00   184571     184590     369161     65429      65410      130839      2688       2504       5192       1982      0.8386     0.8365     0.8353     0.8417      0.50      2870.5    72353.3      1.81       1.81       0.63   
1400000.00   179580     180224     359804     70420      69776      140196      2932       2835       5767       2124      0.8353     0.8299     0.8266     0.8389      0.50      3153.0    76659.4      1.83       1.83       0.62   
1600000.00   181633     182026     363659     68367      67974      136341      3336       3225       6561       2572      0.8311     0.8447     0.8367     0.8301      0.50      3614.8    75099.5      1.82       1.82       0.63   
1800000.00   168821     169204     338025     81179      80796      161975      4049       3972       8021       3114      0.8306     0.8295     0.8395     0.8432      0.50      4406.1    88986.9      1.82       1.82       0.60   
2000000.00   157029     156846     313875     92971      93154      186125      5043       4969      10012       4136      0.7528     0.7622     0.7612     0.7633      0.45      4574.8    85047.2      2.19       2.19       0.55   
2200000.00   145406     145197     290603     104594     104803     209397      6021       5988      12009       5107      0.7414     0.7507     0.7481     0.7529      0.44      5330.9    92953.8      2.25       2.25       0.52   
2400000.00   127792     128123     255915     122208     121877     244085      7010       7013      14023       6102      0.7455     0.7399     0.7455     0.7439      0.45      6062.1    105516.8     2.31       2.31       0.47   
2600000.00   113960     113985     227945     136040     136015     272055      8024       8075      16099       7557      0.7365     0.7520     0.7315     0.7474      0.44      7106.6    120095.3     2.27       2.27       0.43   
2800000.00   98731      98800      197531     151269     151200     302469     14097      14003      28100       9452      0.7374     0.7395     0.7374     0.7349      0.44     11994.4    129105.9     2.34       2.34       0.38   
3000000.00   84810      85364      170174     165190     164636     329826     15726      15589      31315      12685      0.7409     0.7409     0.7446     0.7394      0.44     13473.7    141911.0     2.32       2.32       0.33   
3200000.00   73533      74356      147889     176467     175644     352111     20683      20642      41325      16767      0.7359     0.7343     0.7376     0.7362      0.44     17545.8    149498.8     2.36       2.36       0.29   
3400000.00   64609      65208      129817     185391     184792     370183     18356      18221      36577      17627      0.7354     0.7408     0.7354     0.7430      0.44     15811.9    160028.0     2.31       2.31       0.26   
3600000.00   56101      56540      112641     193899     193460     387359     22287      22431      44718      19367      0.7358     0.7368     0.7341     0.7400      0.44     19149.8    165877.2     2.34       2.34       0.23   
3800000.00   49705      49856      99561      200295     200144     400439     22565      22828      45393      21075      0.7391     0.7310     0.7383     0.7395      0.44     19274.9    170023.5     2.36       2.36       0.21   
4000000.00   45118      44933      90051      204882     205067     409949     31992      31978      63970      25621      0.7423     0.7353     0.7432     0.7423      0.45     27423.9    175745.9     2.33       2.33       0.19   
4200000.00   41523      41282      82805      208477     208718     417195     32478      32363      64841      26074      0.7432     0.7438     0.7422     0.7410      0.45     28068.5    180594.9     2.31       2.31       0.17   
4400000.00   39252      39137      78389      210748     210863     421611     29621      29530      59151      24800      0.7470     0.7394     0.7451     0.7427      0.45     25512.1    181844.2     2.32       2.32       0.17   
4600000.00   37492      37449      74941      212508     212551     425059     29904      29862      59766      25003      0.7450     0.7450     0.7452     0.7491      0.45     26196.6    186312.5     2.28       2.28       0.16   
4800000.00   36591      36353      72944      213409     213647     427056     29999      29958      59957      25120      0.7495     0.7489     0.7486     0.7504      0.45     26463.5    188491.9     2.27       2.27       0.16   
5000000.00   36886      36653      73539      213114     213347     426461     29885      29865      59750      28430      0.7449     0.7474     0.7449     0.7434      0.45     26074.2    186101.5     2.29       2.29       0.16   
5200000.00   37348      37355      74703      212652     212645     425297     29830      29740      59570      23627      0.7477     0.7454     0.7507     0.7463      0.45     26026.7    185817.0     2.29       2.29       0.16   
5400000.00   36522      36492      73014      213478     213508     426986     29998      29861      59859      26686      0.7524     0.7474     0.7503     0.7454      0.45     26191.8    186830.4     2.29       2.29       0.16   
5600000.00   35831      35635      71466      214169     214365     428534     30063      29923      59986      28568      0.7458     0.7485     0.7430     0.7458      0.45     26300.3    187884.7     2.28       2.28       0.15   
5800000.00   35853      35575      71428      214147     214425     428572     30081      30120      60201      28571      0.7498     0.7508     0.7498     0.7491      0.45     26592.4    189312.0     2.26       2.26       0.15   
6000000.00   35211      35130      70341      214789     214870     429659     30232      30174      60406      28643      0.7500     0.7469     0.7514     0.7511      0.45     26615.5    189313.4     2.27       2.27       0.15   
6200000.00   35232      35281      70513      214768     214719     429487     26972      26800      53772      25263      0.7516     0.7516     0.7533     0.7488      0.45     23768.8    189843.5     2.26       2.26       0.15   
6400000.00   35310      35392      70702      214690     214608     429298     27176      26937      54113      25252      0.7514     0.7489     0.7514     0.7514      0.45     23915.7    189734.3     2.26       2.26       0.15   
6600000.00   34863      35101      69964      215137     214899     430036     27364      27191      54555      26877      0.7467     0.7486     0.7472     0.7492      0.45     24031.0    189427.2     2.27       2.27       0.15   
6800000.00   35330      35271      70601      214670     214729     429399     27603      27398      55001      30671      0.7452     0.7508     0.7478     0.7490      0.45     24292.5    189652.3     2.26       2.26       0.15   
7000000.00   34823      34782      69605      215177     215218     430395     27895      27624      55519      30742      0.7480     0.7452     0.7483     0.7508      0.45     24396.4    189132.7     2.28       2.28       0.15   
7200000.00   34740      34629      69369      215260     215371     430631     28067      27800      55867      28708      0.7501     0.7500     0.7501     0.7501      0.45     24684.6    190272.3     2.26       2.26       0.15   
7400000.00   34965      34875      69840      215035     215125     430160     28168      27948      56116      28677      0.7497     0.7493     0.7495     0.7502      0.45     24774.7    189912.3     2.27       2.27       0.15   
7600000.00   35940      36167      72107      214060     213833     427893     28325      28127      56452      30563      0.7498     0.7526     0.7529     0.7477      0.45     24950.5    189115.6     2.26       2.26       0.15   
7800000.00   35351      35660      71011      214649     214340     428989     28613      28346      56959      30642      0.7508     0.7482     0.7493     0.7508      0.45     25129.8    189269.0     2.27       2.27       0.15   
8000000.00   35028      35480      70508      214972     214520     429492     28745      28549      57294      30678      0.7490     0.7498     0.7484     0.7480      0.45     25237.8    189188.3     2.27       2.27       0.15   
8200000.00   34924      35420      70344      215076     214580     429656     28966      28794      57760      30689      0.7491     0.7494     0.7499     0.7497      0.45     25486.9    189588.4     2.27       2.27       0.15   
8400000.00   35122      35177      70299      214878     214823     429701     29178      28992      58170      30692      0.7492     0.7492     0.7514     0.7506      0.45     25691.7    189785.6     2.26       2.26       0.15   
8600000.00   34763      35069      69832      215237     214931     430168     29379      29211      58590      30726      0.7484     0.7505     0.7497     0.7484      0.45     25846.6    189764.5     2.27       2.27       0.15   
8800000.00   34431      34510      68941      215569     215490     431059     29415      29209      58624      30789      0.7489     0.7491     0.7456     0.7495      0.45     25850.9    190080.7     2.27       2.27       0.15   
9000000.00   34584      34378      68962      215416     215622     431038     29469      29321      58790      30788      0.7496     0.7479     0.7489     0.7501      0.45     25903.3    189920.0     2.27       2.27       0.15   
9200000.00   34918      34937      69855      215082     215063     430145     29601      29502      59103      30724      0.7507     0.7506     0.7502     0.7479      0.45     26059.0    189653.0     2.27       2.27       0.15   
9400000.00   35318      35056      70374      214682     214944     429626     29745      29628      59373      30687      0.7526     0.7491     0.7495     0.7547      0.45     26363.2    190769.4     2.25       2.25       0.15   
9600000.00   35324      34946      70270      214676     215054     429730     29695      29696      59391      30695      0.7502     0.7491     0.7515     0.7501      0.45     26210.2    189646.8     2.27       2.27       0.15   
9800000.00   35175      34501      69676      214825     215499     430324     29930      30009      59939      30737      0.7485     0.7476     0.7426     0.7485      0.45     26342.8    189124.5     2.28       2.28       0.15   
10000000.00   34958      34503      69461      215042     215497     430539     30089      30158      60247      30752      0.7487     0.7487     0.7537     0.7489      0.45     26531.2    189598.2     2.27       2.27       0.15   
10200000.00   34537      34173      68710      215463     215827     431290     30220      30383      60603      30806      0.7466     0.7509     0.7489     0.7480      0.45     26734.2    190258.8     2.27       2.27       0.15   
10400000.00   34491      33909      68400      215509     216091     431600     30284      30521      60805      30828      0.7496     0.7489     0.7479     0.7485      0.45     26769.7    190014.5     2.27       2.27       0.15   
10600000.00   33878      33367      67245      216122     216633     432755     30527      30733      61260      30911      0.7461     0.7494     0.7458     0.7478      0.45     26962.7    190471.9     2.27       2.27       0.14   
10800000.00   33922      33516      67438      216078     216484     432562     30720      30897      61617      30897      0.7481     0.7517     0.7481     0.7510      0.45     27319.6    191788.5     2.26       2.26       0.15   
11000000.00   34487      34241      68728      215513     215759     431272     30761      31007      61768      28751      0.7505     0.7511     0.7469     0.7519      0.45     27397.7    191293.2     2.25       2.25       0.15   
11200000.00   34820      34738      69558      215180     215262     430442     30892      31012      61904      28696      0.7475     0.7509     0.7477     0.7491      0.45     27348.3    190163.6     2.26       2.26       0.15   
11400000.00   34968      35056      70024      215032     214944     429976     31057      31109      62166      28665      0.7485     0.7500     0.7498     0.7449      0.45     27277.8    188670.5     2.28       2.28       0.15   
11600000.00   35115      34963      70078      214885     215037     429922     31209      31196      62405      28661      0.7489     0.7461     0.7495     0.7490      0.45     27389.9    188695.8     2.28       2.28       0.15   
11800000.00   35346      35245      70591      214654     214755     429409     31361      31385      62746      28627      0.7509     0.7506     0.7496     0.7509      0.45     27775.8    190086.7     2.26       2.26       0.15   
12000000.00   35346      35410      70756      214654     214590     429244     31640      31660      63300      28616      0.7453     0.7494     0.7492     0.7491      0.45     27909.2    189255.1     2.27       2.27       0.15   
12200000.00   35317      35210      70527      214683     214790     429473     31974      31996      63970      28631      0.7473     0.7455     0.7473     0.7531      0.45     28209.2    189386.7     2.27       2.27       0.15   
12400000.00   35066      34817      69883      214934     215183     430117     32136      32166      64302      28674      0.7469     0.7527     0.7455     0.7525      0.45     28605.1    191339.6     2.25       2.25       0.15   
12600000.00   34864      34944      69808      215136     215056     430192     32374      32448      64822      28679      0.7517     0.7517     0.7525     0.7505      0.45     28721.5    190611.1     2.26       2.26       0.15   
12800000.00   35588      35650      71238      214412     214350     428762     32525      32571      65096      28584      0.7490     0.7490     0.7491     0.7543      0.45     28885.7    190257.8     2.25       2.25       0.15   
13000000.00   36250      36206      72456      213750     213794     427544     32756      32843      65599      28502      0.7498     0.7477     0.7498     0.7443      0.45     28672.4    186874.7     2.29       2.29       0.15   
13200000.00   37446      37089      74535      212554     212911     425465     33005      33236      66241      32728      0.7501     0.7492     0.7503     0.7519      0.45     29307.8    188241.6     2.26       2.26       0.16   
13400000.00   37505      37045      74550      212495     212955     425450     33361      33466      66827      35454      0.7494     0.7514     0.7487     0.7426      0.45     29288.0    186461.5     2.28       2.28       0.16   
13600000.00   36586      36216      72802      213414     213784     427198     33828      33864      67692      35599      0.7485     0.7447     0.7498     0.7481      0.45     29619.2    186924.5     2.29       2.29       0.16   
13800000.00   35683      35565      71248      214317     214435     428752     33988      34040      68028      35729      0.7466     0.7472     0.7474     0.7458      0.45     29774.0    187653.1     2.28       2.28       0.15   
14000000.00   35405      35287      70692      214595     214713     429308     34101      34089      68190      35775      0.7487     0.7474     0.7487     0.7444      0.45     29797.1    187595.0     2.29       2.29       0.15   
14200000.00   35157      34792      69949      214843     215208     430051     34258      34333      68591      35837      0.7441     0.7449     0.7448     0.7460      0.45     29936.1    187692.8     2.29       2.29       0.15   
14400000.00   34927      34573      69500      215073     215427     430500     34528      34612      69140      35875      0.7476     0.7471     0.7462     0.7437      0.45     30171.6    187863.5     2.29       2.29       0.15   
14600000.00   35455      35358      70813      214545     214642     429187     34675      34743      69418      39017      0.7461     0.7492     0.7445     0.7454      0.45     30447.6    188247.3     2.28       2.28       0.15   
14800000.00   35640      35321      70961      214360     214679     429039     34793      34885      69678      42903      0.7500     0.7477     0.7467     0.7500      0.45     30688.7    188963.7     2.27       2.27       0.15   
15000000.00   34727      34494      69221      215273     215506     430779     44773      45140      89913      47864      0.7467     0.7509     0.7488     0.7467      0.45     39594.7    189704.7     2.27       2.27       0.15   
15200000.00   33248      33075      66323      216752     216925     433677     35242      35178      70420      43367      0.7454     0.7495     0.7455     0.7454      0.45     30899.8    190293.0     2.28       2.28       0.14   
15400000.00   31968      31808      63776      218032     218192     436224     35395      35392      70787      43622      0.7488     0.7504     0.7488     0.7508      0.45     31322.8    193026.4     2.26       2.26       0.14   
15600000.00   31497      31530      63027      218503     218470     436973     35477      35460      70937      43697      0.7457     0.7519     0.7444     0.7475      0.45     31314.3    192896.1     2.27       2.27       0.14   
15800000.00   31310      31073      62383      218690     218927     437617     35513      35549      71062      43761      0.7494     0.7489     0.7504     0.7465      0.45     31202.0    192149.5     2.28       2.28       0.13   
16000000.00   31173      30982      62155      218827     219018     437845     35611      35650      71261      43784      0.7516     0.7486     0.7468     0.7499      0.45     31419.3    193047.6     2.27       2.27       0.13   
16200000.00   31557      31517      63074      218443     218483     436926     35686      35658      71344      39720      0.7510     0.7512     0.7511     0.7485      0.45     31506.4    192951.4     2.26       2.26       0.14   
16400000.00   31622      31838      63460      218378     218162     436540     35591      35560      71151      39685      0.7515     0.7531     0.7515     0.7515      0.45     31626.7    194042.6     2.25       2.25       0.14   
16600000.00   31674      31855      63529      218326     218145     436471     35509      35565      71074      39679      0.7505     0.7483     0.7505     0.7463      0.45     31173.9    191441.7     2.28       2.28       0.14   
16800000.00   31631      31614      63245      218369     218386     436755     35618      35596      71214      39705      0.7490     0.7473     0.7490     0.7533      0.45     31487.0    193110.0     2.26       2.26       0.14   
17000000.00   31289      31399      62688      218711     218601     437312     35632      35656      71288      39755      0.7488     0.7488     0.7500     0.7492      0.45     31410.2    192683.7     2.27       2.27       0.14   
17200000.00   31925      31945      63870      218075     218055     436130     35483      35480      70963      39648      0.7500     0.7538     0.7497     0.7469      0.45     31380.4    192860.4     2.26       2.26       0.14   
17400000.00   32019      32129      64148      217981     217871     435852     35428      35486      70914      39622      0.7512     0.7497     0.7501     0.7531      0.45     31446.2    193273.8     2.26       2.26       0.14   
17600000.00   32099      32335      64434      217901     217665     435566     35512      35472      70984      39596      0.7506     0.7528     0.7515     0.7475      0.45     31372.8    192507.3     2.26       2.26       0.14   
17800000.00   32730      32905      65635      217270     217095     434365     35532      35487      71019      43436      0.7495     0.7530     0.7524     0.7507      0.45     31530.3    192845.1     2.25       2.25       0.14   
18000000.00   32565      32466      65031      217435     217534     434969     35348      35401      70749      43496      0.7492     0.7475     0.7519     0.7482      0.45     31077.0    191063.3     2.28       2.28       0.14   
18200000.00   32032      31979      64011      217968     218021     435989     35225      35263      70488      43598      0.7503     0.7474     0.7489     0.7515      0.45     31095.3    192333.2     2.27       2.27       0.14   
18400000.00   31954      31961      63915      218046     218039     436085     35054      35030      70084      43608      0.7497     0.7502     0.7492     0.7482      0.45     30896.2    192246.0     2.27       2.27       0.14   
18600000.00   32123      32295      64418      217877     217705     435582     34924      34708      69632      43558      0.7480     0.7494     0.7468     0.7525      0.45     30840.2    192922.5     2.26       2.26       0.14   
18800000.00   32106      32177      64283      217894     217823     435717     35088      34952      70040      43571      0.7500     0.7535     0.7500     0.7511      0.45     31133.1    193676.9     2.25       2.25       0.14   
19000000.00   32321      32392      64713      217679     217608     435287     35072      34949      70021      43528      0.7502     0.7498     0.7503     0.7505      0.45     30946.7    192380.8     2.26       2.26       0.14   
19200000.00   32732      32768      65500      217268     217232     434500     35003      34873      69876      43450      0.7505     0.7502     0.7482     0.7483      0.45     30808.8    191572.8     2.27       2.27       0.14   
19400000.00   33019      32886      65905      216981     217114     434095     35068      34958      70026      43409      0.7501     0.7508     0.7501     0.7493      0.45     30940.8    191802.9     2.26       2.26       0.14   
19600000.00   33149      33160      66309      216851     216840     433691     35032      34913      69945      43369      0.7509     0.7480     0.7509     0.7504      0.45     30834.8    191190.8     2.27       2.27       0.14   
19800000.00   33273      33251      66524      216727     216749     433476     35284      35096      70380      39406      0.7490     0.7502     0.7490     0.7509      0.45     31138.5    191784.9     2.26       2.26       0.14   
20000000.00   33272      33323      66595      216728     216677     433405     35434      35291      70725      39400      0.7457     0.7492     0.7457     0.7498      0.45     31203.7    191217.3     2.27       2.27       0.14   
20200000.00   33081      33183      66264      216919     216817     433736     35654      35479      71133      39430      0.7481     0.7487     0.7454     0.7444      0.45     31137.8    189861.7     2.28       2.28       0.14   
20400000.00   32952      32983      65935      217048     217017     434065     35891      35694      71585      43406      0.7491     0.7461     0.7491     0.7491      0.45     31423.0    190539.4     2.28       2.28       0.14   
20600000.00   32279      32377      64656      217721     217623     435344     36216      35957      72173      43534      0.7489     0.7462     0.7489     0.7450      0.45     31512.2    190079.2     2.29       2.29       0.14   
20800000.00   31754      31857      63611      218246     218143     436389     36385      36138      72523      43638      0.7495     0.7495     0.7460     0.7523      0.45     32116.3    193254.2     2.26       2.26       0.14   
21000000.00   31502      31424      62926      218498     218576     437074     36554      36274      72828      43707      0.7508     0.7504     0.7508     0.7526      0.45     32303.0    193867.0     2.25       2.25       0.14   
21200000.00   30917      30857      61774      219083     219143     438226     36826      36507      73333      48691      0.7493     0.7470     0.7476     0.7490      0.45     32224.7    192571.6     2.28       2.28       0.13   
21400000.00   30541      30515      61056      219459     219485     438944     37051      36770      73821      48771      0.7488     0.7506     0.7481     0.7487      0.45     32583.1    193738.9     2.27       2.27       0.13   
21600000.00   30911      30825      61736      219089     219175     438264     37203      36868      74071      48696      0.7499     0.7503     0.7497     0.7530      0.45     32867.3    194472.7     2.25       2.25       0.13   
21800000.00   31233      31172      62405      218767     218828     437595     37249      36930      74179      43759      0.7494     0.7492     0.7515     0.7494      0.45     32710.1    192962.9     2.27       2.27       0.14   
22000000.00   31875      31724      63599      218125     218276     436401     37234      36924      74158      43640      0.7464     0.7464     0.7529     0.7507      0.45     32634.9    192053.3     2.27       2.27       0.14   
22200000.00   31620      31468      63088      218380     218532     436912     37242      36996      74238      43691      0.7497     0.7497     0.7490     0.7464      0.45     32627.7    192020.0     2.28       2.28       0.14   
22400000.00   31734      31374      63108      218266     218626     436892     37241      36977      74218      43689      0.7494     0.7489     0.7468     0.7480      0.45     32653.3    192215.9     2.27       2.27       0.14   
22600000.00   31822      31330      63152      218178     218670     436848     37342      37088      74430      43684      0.7493     0.7492     0.7484     0.7502      0.45     32855.7    192839.5     2.27       2.27       0.14   
22800000.00   31548      31267      62815      218452     218733     437185     37584      37369      74953      43718      0.7506     0.7463     0.7492     0.7506      0.45     32976.2    192347.2     2.27       2.27       0.14   
23000000.00   31612      31155      62767      218388     218845     437233     37727      37522      75249      43723      0.7473     0.7473     0.7481     0.7516      0.45     33195.0    192883.2     2.27       2.27       0.14   
23200000.00   31566      31131      62697      218434     218869     437303     37819      37628      75447      43730      0.7493     0.7494     0.7497     0.7517      0.45     33380.2    193479.0     2.26       2.26       0.14   
23400000.00   31680      31205      62885      218320     218795     437115     38028      37763      75791      43711      0.7481     0.7481     0.7494     0.7489      0.45     33349.5    192340.1     2.27       2.27       0.14   
23600000.00   31814      31372      63186      218186     218628     436814     38370      38072      76442      43681      0.7486     0.7476     0.7489     0.7450      0.45     33439.2    191079.1     2.29       2.29       0.14   
23800000.00   32373      31892      64265      217627     218108     435735     38633      38291      76924      43573      0.7491     0.7449     0.7453     0.7507      0.45     33784.2    191378.7     2.28       2.28       0.14   
24000000.00   31943      31747      63690      218057     218253     436310     38962      38566      77528      43631      0.7498     0.7462     0.7455     0.7521      0.45     34172.4    192322.9     2.27       2.27       0.14   
24200000.00   32013      31531      63544      217987     218469     436456     39226      38794      78020      43645      0.7513     0.7452     0.7513     0.7472      0.45     34119.3    190872.3     2.29       2.29       0.14   
24400000.00   31754      31330      63084      218246     218670     436916     39556      39176      78732      43691      0.7518     0.7509     0.7518     0.7501      0.45     34829.3    193280.9     2.26       2.26       0.14   
24600000.00   31643      31257      62900      218357     218743     437100     39854      39461      79315      43710      0.7506     0.7489     0.7512     0.7521      0.45     35086.4    193364.0     2.26       2.26       0.14   
24800000.00   31361      31041      62402      218639     218959     437598     40109      39755      79864      43759      0.7507     0.7486     0.7507     0.7502      0.45     35226.1    193016.2     2.27       2.27       0.14   
25000000.00   32050      31778      63828      217950     218222     436172     40286      39921      80207      43617      0.7458     0.7542     0.7474     0.7506      0.45     35662.5    193930.6     2.25       2.25       0.14   
25200000.00   31906      31658      63564      218094     218342     436436     40400      40077      80477      43643      0.7485     0.7493     0.7485     0.7513      0.45     35581.8    192966.4     2.26       2.26       0.14   
25400000.00   32140      31879      64019      217860     218121     435981     40720      40352      81072      43598      0.7479     0.7466     0.7479     0.7533      0.45     35811.0    192589.7     2.26       2.26       0.14   
25600000.00   31956      31702      63658      218044     218298     436342     41203      40890      82093      43634      0.7487     0.7507     0.7463     0.7461      0.45     36114.2    191949.5     2.27       2.27       0.14   
25800000.00   32156      32015      64171      217844     217985     435829     41573      41127      82700      48425      0.7481     0.7530     0.7487     0.7481      0.45     36591.0    192827.5     2.26       2.26       0.14   
26000000.00   31594      31496      63090      218406     218504     436910     41864      41490      83354      48545      0.7515     0.7452     0.7515     0.7450      0.45     36345.1    190507.0     2.29       2.29       0.14   
26200000.00   31177      30990      62167      218823     219010     437833     42158      41786      83944      48648      0.7511     0.7484     0.7511     0.7511      0.45     37060.1    193300.7     2.27       2.27       0.13   
26400000.00   31142      30804      61946      218858     219196     438054     42306      42007      84313      48672      0.7511     0.7541     0.7488     0.7470      0.45     37305.1    193813.2     2.26       2.26       0.13   
26600000.00   30897      30577      61474      219103     219423     438526     42548      42222      84770      48725      0.7475     0.7502     0.7495     0.7475      0.45     37336.1    193141.3     2.27       2.27       0.13   
26800000.00   30728      30462      61190      219272     219538     438810     42672      42257      84929      48756      0.7529     0.7530     0.7529     0.7474      0.45     37542.4    193965.5     2.26       2.26       0.13   
27000000.00   30404      30110      60514      219596     219890     439486     42669      42367      85036      48831      0.7523     0.7504     0.7522     0.7550      0.45     37838.3    195562.1     2.25       2.25       0.13   
27200000.00   30176      30098      60274      219824     219902     439726     42716      42424      85140      48858      0.7510     0.7504     0.7527     0.7520      0.45     37733.9    194887.4     2.26       2.26       0.13   
27400000.00   29969      29928      59897      220031     220072     440103     42829      42500      85329      48900      0.7519     0.7501     0.7519     0.7504      0.45     37722.3    194561.2     2.26       2.26       0.13   
27600000.00   30281      30381      60662      219719     219619     439338     42812      42473      85285      48815      0.7533     0.7501     0.7533     0.7539      0.45     37878.5    195131.2     2.25       2.25       0.13   
27800000.00   30532      30692      61224      219468     219308     438776     42735      42533      85268      48752      0.7528     0.7478     0.7489     0.7477      0.45     37444.6    192684.0     2.28       2.28       0.13   
28000000.00   30915      30933      61848      219085     219067     438152     42729      42592      85321      48683      0.7497     0.7490     0.7477     0.7480      0.45     37543.1    192796.2     2.27       2.27       0.13   
28200000.00   31352      31390      62742      218648     218610     437258     42730      42546      85276      48584      0.7514     0.7514     0.7514     0.7498      0.45     37734.3    193484.1     2.26       2.26       0.14   
28400000.00   31404      31329      62733      218596     218671     437267     42791      42601      85392      54658      0.7479     0.7476     0.7479     0.7492      0.45     37564.1    192355.6     2.27       2.27       0.14   
28600000.00   31026      30977      62003      218974     219023     437997     42802      42549      85351      54749      0.7495     0.7504     0.7488     0.7519      0.45     37822.5    194095.2     2.26       2.26       0.13   
28800000.00   31262      31265      62527      218738     218735     437473     42847      42624      85471      54684      0.7485     0.7496     0.7515     0.7488      0.45     37679.5    192857.6     2.27       2.27       0.14   
29000000.00   31564      31613      63177      218436     218387     436823     42751      42550      85301      54602      0.7491     0.7506     0.7491     0.7494      0.45     37685.0    192982.6     2.26       2.26       0.14   
29200000.00   31587      31442      63029      218413     218558     436971     42753      42513      85266      54621      0.7485     0.7488     0.7510     0.7516      0.45     37689.2    193151.8     2.26       2.26       0.14   
29400000.00   31247      31292      62539      218753     218708     437461     42847      42606      85453      54682      0.7486     0.7489     0.7486     0.7507      0.45     37731.6    193161.5     2.26       2.26       0.14   
29600000.00   30805      30950      61755      219195     219050     438245     43132      42790      85922      54780      0.7487     0.7487     0.7481     0.7502      0.45     37903.3    193326.9     2.27       2.27       0.13   
29800000.00   30504      30370      60874      219496     219630     439126     43379      43071      86450      54890      0.7496     0.7514     0.7445     0.7530      0.45     38416.6    195140.1     2.25       2.25       0.13   
30000000.00   30170      29922      60092      219830     220078     439908     43540      43269      86809      54988      0.7502     0.7499     0.7532     0.7494      0.45     38315.3    194164.0     2.27       2.27       0.13   
30200000.00   29965      29874      59839      220035     220126     440161     43623      43352      86975      55020      0.7513     0.7501     0.7506     0.7497      0.45     38414.2    194405.3     2.26       2.26       0.13   
30400000.00   29973      29722      59695      220027     220278     440305     43604      43370      86974      55038      0.7487     0.7474     0.7487     0.7465      0.45     38112.2    192941.8     2.28       2.28       0.13   
30600000.00   29740      29556      59296      220260     220444     440704     43647      43517      87164      55088      0.7513     0.7481     0.7485     0.7467      0.45     38241.5    193349.5     2.28       2.28       0.13   
30800000.00   29660      29542      59202      220340     220458     440798     43719      43513      87232      55099      0.7519     0.7520     0.7519     0.7519      0.45     38738.6    195752.5     2.25       2.25       0.13   
31000000.00   29557      29342      58899      220443     220658     441101     43712      43501      87213      55137      0.7505     0.7478     0.7511     0.7507      0.45     38452.3    194484.0     2.27       2.27       0.13   
31200000.00   29647      29539      59186      220353     220461     440814     43820      43563      87383      55101      0.7490     0.7497     0.7490     0.7502      0.45     38599.4    194719.7     2.26       2.26       0.13   
31400000.00   29834      29628      59462      220166     220372     440538     43913      43595      87508      55067      0.7522     0.7522     0.7501     0.7504      0.45     38794.4    195299.1     2.26       2.26       0.13   
31600000.00   29693      29566      59259      220307     220434     440741     44064      43678      87742      55092      0.7491     0.7466     0.7491     0.7492      0.45     38546.0    193625.3     2.28       2.28       0.13   
31800000.00   29735      29411      59146      220265     220589     440854     44069      43712      87781      55106      0.7493     0.7523     0.7493     0.7528      0.45     39044.5    196090.1     2.25       2.25       0.13   
32000000.00   29399      29317      58716      220601     220683     441284     44241      43861      88102      55160      0.7487     0.7502     0.7486     0.7491      0.45     38886.2    194771.4     2.27       2.27       0.13   
32200000.00   29294      29329      58623      220706     220671     441377     44349      44027      88376      55172      0.7482     0.7497     0.7520     0.7508      0.45     39069.2    195124.5     2.26       2.26       0.13   
32400000.00   29304      29234      58538      220696     220766     441462     44459      44142      88601      55182      0.7471     0.7522     0.7471     0.7506      0.45     39289.3    195760.9     2.26       2.26       0.13   
32600000.00   30179      30272      60451      219821     219728     439549     44434      44083      88517      54943      0.7508     0.7527     0.7503     0.7520      0.45     39351.2    195405.7     2.25       2.25       0.13   
32800000.00   30789      30737      61526      219211     219263     438474     44394      44043      88437      54809      0.7509     0.7519     0.7509     0.7505      0.45     39195.7    194332.4     2.26       2.26       0.13   
33000000.00   30763      30911      61674      219237     219089     438326     44606      44161      88767      54790      0.7501     0.7507     0.7501     0.7500      0.45     39252.9    193827.4     2.26       2.26       0.13   
33200000.00   30901      30727      61628      219099     219273     438372     44621      44262      88883      54796      0.7501     0.7516     0.7505     0.7531      0.45     39513.5    194882.7     2.25       2.25       0.13   
33400000.00   31230      31050      62280      218770     218950     437720     44544      44278      88822      54715      0.7484     0.7495     0.7486     0.7496      0.45     39193.3    193146.8     2.27       2.27       0.13   
33600000.00   31159      31155      62314      218841     218845     437686     44609      44308      88917      54710      0.7487     0.7491     0.7517     0.7487      0.45     39167.3    192797.0     2.27       2.27       0.13   
33800000.00   30743      30899      61642      219257     219101     438358     44810      44495      89305      54794      0.7496     0.7476     0.7458     0.7496      0.45     39306.3    192938.5     2.27       2.27       0.13   
34000000.00   30239      30377      60616      219761     219623     439384     44955      44609      89564      54923      0.7487     0.7491     0.7486     0.7478      0.45     39405.1    193312.6     2.27       2.27       0.13   
34200000.00   30260      30280      60540      219740     219720     439460     45065      44752      89817      54932      0.7481     0.7498     0.7481     0.7486      0.45     39595.6    193733.7     2.27       2.27       0.13   
34400000.00   30716      30838      61554      219284     219162     438446     45225      44908      90133      54805      0.7510     0.7517     0.7458     0.7516      0.45     39995.0    194552.7     2.25       2.25       0.13   
34600000.00   31059      31154      62213      218941     218846     437787     45275      45013      90288      54723      0.7467     0.7523     0.7501     0.7472      0.45     39862.7    193282.0     2.26       2.27       0.13   
34800000.00   31049      31049      62098      218951     218951     437902     45282      45008      90290      54737      0.7481     0.7481     0.7485     0.7484      0.45     39702.9    192557.4     2.27       2.27       0.13   
35000000.00   30825      30935      61760      219175     219065     438240     45449      45189      90638      54780      0.7492     0.7495     0.7534     0.7498      0.45     40005.2    193427.8     2.27       2.27       0.13   
35200000.00   30837      30910      61747      219163     219090     438253     45409      45168      90577      54781      0.7514     0.7523     0.7481     0.7511      0.45     40197.5    194493.1     2.25       2.25       0.13   
35400000.00   30862      31114      61976      219138     218886     438024     45353      45112      90465      54753      0.7522     0.7499     0.7499     0.7493      0.45     39923.7    193306.8     2.27       2.27       0.13   
35600000.00   30609      30654      61263      219391     219346     438737     45517      45325      90842      54842      0.7513     0.7495     0.7513     0.7472      0.45     39956.7    192976.7     2.27       2.27       0.13   
35800000.00   30594      30575      61169      219406     219425     438831     45596      45465      91061      54853      0.7513     0.7493     0.7513     0.7467      0.45     40015.6    192837.6     2.28       2.28       0.13   
36000000.00   30464      30656      61120      219536     219344     438880     45597      45475      91072      54860      0.7493     0.7536     0.7493     0.7493      0.45     40390.7    194643.8     2.25       2.25       0.13   
36200000.00   30969      31050      62019      219031     218950     437981     45578      45566      91144      62568      0.7480     0.7480     0.7488     0.7506      0.45     40191.2    193133.5     2.27       2.27       0.13   
36400000.00   30665      30684      61349      219335     219316     438651     45630      45604      91234      62664      0.7468     0.7499     0.7491     0.7480      0.45     40193.3    193248.2     2.27       2.27       0.13   
36600000.00   30494      30579      61073      219506     219421     438927     45732      45647      91379      62703      0.7470     0.7436     0.7496     0.7504      0.45     40048.2    192367.5     2.28       2.28       0.13   
36800000.00   30106      29971      60077      219894     220029     439923     45740      45646      91386      62846      0.7469     0.7484     0.7486     0.7469      0.45     40120.6    193136.1     2.28       2.28       0.13   
37000000.00   30142      29819      59961      219858     220181     440039     45752      45734      91486      62862      0.7513     0.7491     0.7469     0.7469      0.45     40202.1    193367.8     2.28       2.28       0.13   
37200000.00   30127      29747      59874      219873     220253     440126     45817      45811      91628      62875      0.7504     0.7488     0.7463     0.7498      0.45     40404.5    194079.2     2.27       2.27       0.13   
37400000.00   29997      29709      59706      220003     220291     440294     45859      45797      91656      62899      0.7501     0.7517     0.7501     0.7508      0.45     40627.5    195164.8     2.26       2.26       0.13   
37600000.00   29802      29559      59361      220198     220441     440639     45876      45743      91619      62948      0.7476     0.7479     0.7493     0.7509      0.45     40411.2    194358.2     2.27       2.27       0.13   
37800000.00   29682      29408      59090      220318     220592     440910     45990      45824      91814      62987      0.7493     0.7524     0.7475     0.7499      0.45     40687.0    195386.0     2.26       2.26       0.13   
38000000.00   29491      29111      58602      220509     220889     441398     46035      45860      91895      63056      0.7491     0.7510     0.7465     0.7491      0.45     40603.6    195029.6     2.26       2.26       0.13   
38200000.00   29283      29046      58329      220717     220954     441671     46071      45859      91930      63095      0.7525     0.7521     0.7525     0.7534      0.45     40911.7    196558.1     2.25       2.25       0.13   
38400000.00   28920      28956      57876      221080     221044     442124     46220      45974      92194      63160      0.7521     0.7524     0.7521     0.7484      0.45     40774.4    195534.3     2.26       2.26       0.13   
38600000.00   29129      29198      58327      220871     220802     441673     46349      46008      92357      63096      0.7499     0.7501     0.7511     0.7497      0.45     40791.3    195073.2     2.26       2.26       0.13   
38800000.00   29242      29345      58587      220758     220655     441413     46487      46096      92583      63059      0.7513     0.7513     0.7528     0.7500      0.45     40973.2    195348.7     2.26       2.26       0.13   
39000000.00   29292      29618      58910      220708     220382     441090     46702      46241      92943      63012      0.7510     0.7492     0.7491     0.7511      0.45     41076.9    194945.5     2.26       2.26       0.13   
39200000.00   29304      29564      58868      220696     220436     441132     46766      46279      93045      63018      0.7489     0.7507     0.7500     0.7490      0.45     41090.1    194808.7     2.26       2.26       0.13   
39400000.00   29182      29535      58717      220818     220465     441283     46814      46374      93188      63040      0.7511     0.7511     0.7512     0.7495      0.45     41202.6    195109.4     2.26       2.26       0.13   
39600000.00   29259      29673      58932      220741     220327     441068     46671      46250      92921      63009      0.7519     0.7519     0.7485     0.7504      0.45     41177.6    195456.5     2.26       2.26       0.13   
39800000.00   29271      29808      59079      220729     220192     440921     46638      46200      92838      62988      0.7487     0.7459     0.7487     0.7485      0.45     40708.4    193341.0     2.28       2.28       0.13   
