 Timestep    Gas_A      Gas_B     Gas_tot    Dense_A    Dense_B   Dense_tot   Lc_numA    Lc_numB    Lg_clust     MCS       sigALL     sigAA      sigAB      sigBB      phiEff   Lc_area_A  Lc_area_B   lc_area   den_area_A den_area_B  den_area   Box_area 
   0.00      25000      25000      50000        0          0          0          3          4          7          0        1.0015     1.0008     1.0077     1.0107      0.60      2.3562     3.1416     5.4978     0.0000     0.0000     0.0000    65449.85 
3300000.00    8420       2947      11367      16580      22053      38633      16295      21611      37906       9658      1.0004     1.0002     1.0004     1.0003      0.60    12756.0335 16912.5207 29668.5542 12979.6280 17259.2242 30238.8522  65449.85 
6600000.00    7733       1794       9527      17267      23206      40473      17267      23206      40473      40473      1.0002     1.0003     1.0002     1.0002      0.60    13518.2732 18164.9336 31683.2068 13518.2732 18164.9336 31683.2068  65449.85 
9900000.00    7288       1405       8693      17712      23595      41307      15029      20091      35120      20653      1.0003     1.0006     1.0003     1.0003      0.60    11762.3970 15721.8570 27484.2540 13864.4947 18465.9320 32330.4267  65449.85 
13200000.00    7513       1387       8900      17487      23613      41100      17487      23613      41100      41100      1.0003     1.0004     1.0003     1.0004      0.60    13690.1439 18483.3183 32173.4622 13690.1439 18483.3183 32173.4622  65449.85 
16500000.00    7454       1343       8797      17546      23657      41203      17546      23657      41203      41203      1.0003     1.0006     1.0003     1.0003      0.60    13734.7715 18515.8551 32250.6267 13734.7715 18515.8551 32250.6267  65449.85 
19800000.00    7050       1186       8236      17950      23814      41764      17950      23814      41764      41764      1.0004     1.0004     1.0001     1.0002      0.60    14051.6106 18638.4924 32690.1030 14051.6106 18638.4924 32690.1030  65449.85 
23100000.00    7423       1480       8903      17577      23520      41097      16239      21698      37937      10274      1.0004     1.0003     1.0004     1.0001      0.60    12717.7979 16988.4869 29706.2848 13766.6682 18416.4616 32183.1298  65449.85 
26400000.00    7443       1392       8835      17557      23608      41165      17557      23608      41165      41165      1.0003     1.0005     1.0003     1.0006      0.60    13748.0926 18482.8052 32230.8977 13748.0926 18482.8052 32230.8977  65449.85 
29700000.00    7342       1334       8676      17658      23666      41324      17520      23487      41007      20662      1.0003     1.0003     1.0002     1.0001      0.60    13722.3573 18392.6294 32114.9867 13830.6145 18533.0641 32363.6785  65449.85 
33000000.00    7402       1497       8899      17598      23503      41101      17298      23162      40460      10275      1.0003     1.0003     1.0004     1.0005      0.60    13549.3199 18138.0223 31687.3422 13784.5811 18405.5118 32190.0930  65449.85 
36300000.00    7536       1301       8837      17464      23699      41163      17464      23699      41163      41163      1.0004     1.0002     1.0004     1.0003      0.60    13677.4948 18554.7370 32232.2318 13677.4948 18554.7370 32232.2318  65449.85 
39600000.00    7394       1371       8765      17606      23629      41235      17415      23310      40725      20617      1.0005     1.0005     1.0005     1.0004      0.60    13629.4155 18240.9008 31870.3163 13779.2026 18490.9654 32270.1679  65449.85 
42900000.00    7344       1205       8549      17656      23795      41451      17656      23795      41451      41451      1.0005     1.0002     1.0005     1.0005      0.60    13824.8540 18625.7690 32450.6230 13824.8540 18625.7690 32450.6230  65449.85 
46200000.00    7624       1578       9202      17376      23422      40798      17254      23274      40528      13599      1.0004     1.0006     1.0004     1.0006      0.60    13509.9260 18218.6314 31728.5573 13605.6505 18334.7101 31940.3607  65449.85 
49500000.00    7501       1412       8913      17499      23588      41087      17033      23062      40095      13695      1.0004     1.0004     1.0007     1.0001      0.60    13335.4523 18050.7445 31386.1968 13700.9362 18463.2134 32164.1496  65449.85 
52800000.00    7458       1280       8738      17542      23720      41262      17171      23243      40414      20631      1.0003     1.0003     1.0003     1.0004      0.60    13445.0659 18194.0715 31639.1374 13735.9935 18567.9315 32303.9250  65449.85 
56100000.00    7795       1714       9509      17205      23286      40491      17205      23286      40491      40491      1.0003     1.0000     1.0000     1.0003      0.60    13459.7583 18213.2614 31673.0197 13459.7583 18213.2614 31673.0197  65449.85 
59400000.00    7488       1336       8824      17512      23664      41176      17512      23664      41176      41176      1.0003     1.0005     1.0003     1.0004      0.60    13704.2285 18515.1473 32219.3758 13704.2285 18515.1473 32219.3758  65449.85 
62700000.00    7795       1759       9554      17205      23241      40446      17063      23066      40129      20223      1.0003     1.0001     0.9999     1.0003      0.60    13348.8995 18041.0917 31389.9911 13460.3219 18178.3862 31638.7081  65449.85 
66000000.00    7507       1291       8798      17493      23709      41202      17493      23709      41202      41202      1.0003     1.0003     1.0008     1.0004      0.60    13691.7511 18551.2726 32243.0237 13691.7511 18551.2726 32243.0237  65449.85 
69300000.00    7289       1186       8475      17711      23814      41525      17711      23814      41525      41525      1.0005     1.0002     1.0000     1.0005      0.60    13869.0096 18645.2892 32514.2988 13869.0096 18645.2892 32514.2988  65449.85 
72600000.00    7287       1331       8618      17713      23669      41382      17713      23669      41382      41382      1.0004     1.0005     1.0004     1.0005      0.60    13873.3678 18532.8769 32406.2447 13873.3678 18532.8769 32406.2447  65449.85 
75900000.00    7329       1497       8826      17671      23503      41174      16287      21651      37938      20587      1.0005     1.0004     1.0000     1.0006      0.60    12749.7658 16945.1876 29694.9534 13834.5101 18396.2360 32230.7461  65449.85 
79200000.00    6918       1123       8041      18082      23877      41959      16585      22043      38628      20979      1.0005     1.0005     1.0004     1.0004      0.60    12987.5111 17256.9782 30244.4893 14161.0318 18694.3013 32855.3330  65449.85 
82500000.00    7113       1374       8487      17887      23626      41513      16351      21833      38184      20756      1.0006     1.0000     1.0006     1.0004      0.60    12796.0019 17081.9586 29877.9605 13999.8314 18487.0892 32486.9205  65449.85 
85800000.00    6907       1288       8195      18093      23712      41805      18093      23712      41805      41805      1.0003     1.0003     1.0006     1.0005      0.60    14162.7848 18557.8797 32720.6645 14162.7848 18557.8797 32720.6645  65449.85 
89100000.00    6892       1386       8278      18108      23614      41722      18108      23614      41722      41722      1.0001     1.0001     1.0000     1.0003      0.60    14173.5347 18478.3611 32651.8958 14173.5347 18478.3611 32651.8958  65449.85 
92400000.00    6988       1292       8280      18012      23708      41720      18012      23708      41720      41720      1.0001     1.0001     1.0002     1.0003      0.60    14096.7950 18549.7322 32646.5272 14096.7950 18549.7322 32646.5272  65449.85 
95700000.00    6905       1259       8164      18095      23741      41836      18095      23741      41836      41836      1.0004     1.0004     1.0004     1.0001      0.60    14159.7176 18567.9334 32727.6510 14159.7176 18567.9334 32727.6510  65449.85 
99000000.00    7139       1419       8558      17861      23581      41442      17861      23581      41442      41442      1.0002     1.0002     1.0002     1.0004      0.60    13975.8721 18448.2868 32424.1589 13975.8721 18448.2868 32424.1589  65449.85 
102300000.00    7232       1418       8650      17768      23582      41350      17768      23582      41350      41350      1.0004     1.0004     1.0004     1.0003      0.60    13912.0662 18457.8607 32369.9269 13912.0662 18457.8607 32369.9269  65449.85 
105600000.00    7032       1173       8205      17968      23827      41795      17968      23827      41795      41795      1.0001     1.0004     1.0001     1.0001      0.60    14058.0777 18636.1899 32694.2675 14058.0777 18636.1899 32694.2675  65449.85 
108900000.00    7113       1126       8239      17887      23874      41761      17887      23874      41761      41761      1.0005     1.0005     1.0005     1.0004      0.60    14003.8993 18687.1143 32691.0136 14003.8993 18687.1143 32691.0136  65449.85 
112200000.00    6997       1207       8204      18003      23793      41796      18003      23793      41796      41796      1.0001     1.0001     1.0003     1.0002      0.60    14100.0599 18628.0684 32728.1283 14100.0599 18628.0684 32728.1283  65449.85 
115500000.00    6921       1224       8145      18079      23776      41855      18079      23776      41855      41855      1.0004     1.0003     1.0002     1.0004      0.60    14156.8579 18612.2250 32769.0829 14156.8579 18612.2250 32769.0829  65449.85 
118800000.00    7229       1378       8607      17771      23622      41393      17771      23622      41393      41393      1.0002     1.0002     1.0005     1.0002      0.60    13909.5527 18481.1193 32390.6720 13909.5527 18481.1193 32390.6720  65449.85 
122100000.00    7232       1223       8455      17768      23777      41545      17768      23777      41545      41545      1.0003     1.0008     1.0003     1.0003      0.60    13906.3876 18604.2280 32510.6156 13906.3876 18604.2280 32510.6156  65449.85 
125400000.00    7023       999        8022      17977      24001      41978      17977      24001      41978      41978      1.0006     1.0006     1.0007     1.0003      0.60    14075.1470 18786.7127 32861.8597 14075.1470 18786.7127 32861.8597  65449.85 
128700000.00    7585       1674       9259      17415      23326      40741      17415      23326      40741      40741      1.0000     1.0002     1.0000     1.0001      0.60    13623.0938 18241.3699 31864.4637 13623.0938 18241.3699 31864.4637  65449.85 
132000000.00    7145       1344       8489      17855      23656      41511      17855      23656      41511      41511      1.0002     1.0003     1.0006     1.0005      0.60    13975.7569 18507.8919 32483.6488 13975.7569 18507.8919 32483.6488  65449.85 
135300000.00    7222       1245       8467      17778      23755      41533      17778      23755      41533      41533      1.0004     1.0004     1.0003     1.0005      0.60    13919.1313 18595.0484 32514.1797 13919.1313 18595.0484 32514.1797  65449.85 
138600000.00    7139       1123       8262      17861      23877      41738      17861      23877      41738      41738      1.0002     1.0002     1.0002     1.0005      0.60    13984.1589 18688.8743 32673.0331 13984.1589 18688.8743 32673.0331  65449.85 
141900000.00    7234       1354       8588      17766      23646      41412      17520      23262      40782      20706      1.0002     1.0006     1.0000     1.0002      0.60    13711.8069 18197.3889 31909.1958 13904.7347 18498.4979 32403.2326  65449.85 
145200000.00    7162       1234       8396      17838      23766      41604      17838      23766      41604      41604      1.0004     1.0000     1.0004     1.0004      0.60    13959.5363 18592.2154 32551.7516 13959.5363 18592.2154 32551.7516  65449.85 
148500000.00    7142       1201       8343      17858      23799      41657      17858      23799      41657      41657      1.0004     1.0004     1.0004     1.0002      0.60    13979.8720 18625.5643 32605.4363 13979.8720 18625.5643 32605.4363  65449.85 
151800000.00    7263       1204       8467      17737      23796      41533      17737      23796      41533      41533      1.0003     1.0003     1.0003     1.0004      0.60    13887.0441 18624.3789 32511.4230 13887.0441 18624.3789 32511.4230  65449.85 
155100000.00    7562       1518       9080      17438      23482      40920      17438      23482      40920      40920      1.0006     1.0006     1.0001     1.0004      0.60    13645.6990 18372.1005 32017.7995 13645.6990 18372.1005 32017.7995  65449.85 
158400000.00    7391       1172       8563      17609      23828      41437      17609      23828      41437      41437      1.0003     1.0002     1.0004     1.0001      0.60    13780.3592 18638.2799 32418.6392 13780.3592 18638.2799 32418.6392  65449.85 
161700000.00    7252       1134       8386      17748      23866      41614      17636      23735      41371      13871      1.0002     1.0006     1.0005     1.0002      0.60    13809.7422 18576.9169 32386.6592 13897.6415 18679.6298 32577.2713  65449.85 
165000000.00    7268       1270       8538      17732      23730      41462      17656      23632      41288      20731      1.0003     1.0005     1.0004     1.0003      0.60    13819.7328 18489.3968 32309.1296 13879.3872 18566.3159 32445.7032  65449.85 
168300000.00    7226       1067       8293      17774      23933      41707      17774      23933      41707      41707      1.0005     1.0005     1.0005     1.0006      0.60    13917.2886 18735.1159 32652.4045 13917.2886 18735.1159 32652.4045  65449.85 
171600000.00    7235       1148       8383      17765      23852      41617      17765      23852      41617      41617      1.0005     1.0005     1.0004     1.0006      0.60    13911.3861 18673.2907 32584.6767 13911.3861 18673.2907 32584.6767  65449.85 
174900000.00    7275       1111       8386      17725      23889      41614      17725      23889      41614      41614      1.0005     1.0006     1.0003     1.0005      0.60    13876.1780 18697.2403 32573.4183 13876.1780 18697.2403 32573.4183  65449.85 
178200000.00    7515       1379       8894      17485      23621      41106      17485      23621      41106      41106      1.0004     1.0004     1.0004     1.0001      0.60    13685.2631 18479.4757 32164.7388 13685.2631 18479.4757 32164.7388  65449.85 
181500000.00    7607       1549       9156      17393      23451      40844      17130      23019      40149      13614      1.0003     1.0003     1.0002     1.0005      0.60    13410.4907 18013.5167 31424.0074 13616.8045 18352.2983 31969.1028  65449.85 
184800000.00    7415       1324       8739      17585      23676      41261      17585      23676      41261      41261      1.0005     1.0005     1.0005     1.0004      0.60    13765.3894 18525.7237 32291.1131 13765.3894 18525.7237 32291.1131  65449.85 
188100000.00    7036       1071       8107      17964      23929      41893      17964      23929      41893      41893      1.0004     1.0004     1.0002     1.0004      0.60    14063.3243 18725.0286 32788.3529 14063.3243 18725.0286 32788.3529  65449.85 
191400000.00    6992       1132       8124      18008      23868      41876      17941      23774      41715      20938      1.0006     1.0007     1.0006     1.0006      0.60    14049.6644 18610.8066 32660.4710 14102.2524 18684.5333 32786.7858  65449.85 
194700000.00    7044       1220       8264      17956      23780      41736      17956      23780      41736      41736      1.0003     1.0003     1.0002     1.0004      0.60    14058.3694 18611.2231 32669.5924 14058.3694 18611.2231 32669.5924  65449.85 
198000000.00    7025       1200       8225      17975      23800      41775      17975      23800      41775      41775      1.0002     1.0006     1.0005     1.0002      0.60    14070.4927 18625.2607 32695.7534 14070.4927 18625.2607 32695.7534  65449.85 
201300000.00    6894       1129       8023      18106      23871      41977      18106      23871      41977      41977      1.0006     1.0002     1.0006     1.0005      0.60    14177.3817 18681.9792 32859.3608 14177.3817 18681.9792 32859.3608  65449.85 
204600000.00    6946       1385       8331      18054      23615      41669      18054      23615      41669      41669      1.0003     1.0001     1.0004     1.0003      0.60    14138.6180 18488.2120 32626.8300 14138.6180 18488.2120 32626.8300  65449.85 
207900000.00    6811       1284       8095      18189      23716      41905      18189      23716      41905      41905      1.0006     1.0002     1.0004     1.0006      0.60    14245.4124 18566.9176 32812.3300 14245.4124 18566.9176 32812.3300  65449.85 
211200000.00    6952       1348       8300      18048      23652      41700      17342      22900      40242      20850      1.0002     1.0004     1.0003     1.0002      0.60    13576.7504 17921.0157 31497.7660 14130.2679 18510.5194 32640.7873  65449.85 
214500000.00    6719       1202       7921      18281      23798      42079      17633      23170      40803      21039      1.0005     1.0005     1.0005     1.0002      0.60    13804.7637 18131.6851 31936.4489 14312.9030 18624.0627 32936.9657  65449.85 
217800000.00    6913       1360       8273      18087      23640      41727      17690      23268      40958      20863      1.0003     1.0002     1.0003     1.0004      0.60    13843.9158 18201.7766 32045.6924 14155.2007 18493.4464 32648.6471  65449.85 
221100000.00    6977       1534       8511      18023      23466      41489      17737      23216      40953      20744      1.0003     1.0002     1.0000     1.0003      0.60    13881.5174 18164.7933 32046.3108 14105.8516 18360.8881 32466.7397  65449.85 
224400000.00    6769       1185       7954      18231      23815      42046      18093      23724      41817      21023      1.0003     1.0005     1.0003     1.0001      0.60    14165.2663 18570.2643 32735.5307 14273.5668 18641.6535 32915.2203  65449.85 
227700000.00    7104       1258       8362      17896      23742      41638      17896      23742      41638      41638      1.0004     1.0004     1.0003     1.0001      0.60    14008.2038 18574.8778 32583.0816 14008.2038 18574.8778 32583.0816  65449.85 
231000000.00    6960       1180       8140      18040      23820      41860      18040      23820      41860      41860      1.0003     1.0003     1.0003     1.0003      0.60    14116.2143 18632.7155 32748.9298 14116.2143 18632.7155 32748.9298  65449.85 
234300000.00    7112       1204       8316      17888      23796      41684      17888      23796      41684      41684      1.0005     1.0003     1.0005     1.0002      0.60    14001.8952 18619.3945 32621.2897 14001.8952 18619.3945 32621.2897  65449.85 
237600000.00    7247       1307       8554      17753      23693      41446      17753      23693      41446      41446      1.0003     1.0005     1.0003     1.0003      0.60    13901.2167 18544.0085 32445.2252 13901.2167 18544.0085 32445.2252  65449.85 
240900000.00    7206       1262       8468      17794      23738      41532      17794      23738      41532      41532      1.0003     1.0005     1.0001     1.0004      0.60    13924.9681 18569.6312 32494.5993 13924.9681 18569.6312 32494.5993  65449.85 
244200000.00    6964       1175       8139      18036      23825      41861      18036      23825      41861      41861      1.0005     1.0005     1.0000     0.9999      0.60    14108.7547 18632.3251 32741.0798 14108.7547 18632.3251 32741.0798  65449.85 
247500000.00    6966       1288       8254      18034      23712      41746      17891      23478      41369      20873      1.0004     1.0002     1.0001     1.0004      0.60    14003.5844 18373.3713 32376.9557 14115.7397 18556.8640 32672.6037  65449.85 
250800000.00    6847       1270       8117      18153      23730      41883      18153      23730      41883      41883      1.0002     1.0007     1.0004     1.0003      0.60    14209.8223 18571.4707 32781.2930 14209.8223 18571.4707 32781.2930  65449.85 
254100000.00    6909       1261       8170      18091      23739      41830      18091      23739      41830      41830      1.0003     1.0002     1.0003     1.0005      0.60    14167.0987 18585.1365 32752.2352 14167.0987 18585.1365 32752.2352  65449.85 
257400000.00    7257       1465       8722      17743      23535      41278      17743      23535      41278      41278      1.0003     1.0006     1.0001     1.0005      0.60    13890.1814 18418.2497 32308.4311 13890.1814 18418.2497 32308.4311  65449.85 
260700000.00    7122       1305       8427      17878      23695      41573      17769      23576      41345      13857      1.0002     1.0004     1.0005     1.0002      0.60    13916.0828 18458.3424 32374.4252 14001.6504 18551.7330 32553.3834  65449.85 
264000000.00    7063       1165       8228      17937      23835      41772      17937      23835      41772      41772      1.0002     1.0006     1.0002     1.0004      0.60    14049.2239 18664.4340 32713.6579 14049.2239 18664.4340 32713.6579  65449.85 
267300000.00    7131       1256       8387      17869      23744      41613      17869      23744      41613      41613      1.0004     1.0007     1.0002     1.0004      0.60    13998.2880 18591.6819 32589.9699 13998.2880 18591.6819 32589.9699  65449.85 
270600000.00    7088       1206       8294      17912      23794      41706      17756      23610      41366      20853      1.0005     1.0005     1.0001     1.0003      0.60    13903.6056 18478.8919 32382.4975 14025.9979 18623.1431 32649.1410  65449.85 
273900000.00    7193       1333       8526      17807      23667      41474      17728      23522      41250      20737      1.0004     1.0003     1.0008     1.0002      0.60    13883.9087 18414.3038 32298.2124 13945.8837 18528.0571 32473.9408  65449.85 
277200000.00    7310       1416       8726      17690      23584      41274      17690      23584      41274      41274      1.0003     1.0004     1.0003     1.0003      0.60    13848.8016 18455.9104 32304.7119 13848.8016 18455.9104 32304.7119  65449.85 
280500000.00    6925       1125       8050      18075      23875      41950      18075      23875      41950      41950      1.0003     1.0004     1.0001     1.0003      0.60    14153.1599 18685.1484 32838.3083 14153.1599 18685.1484 32838.3083  65449.85 
283800000.00    7223       1459       8682      17777      23541      41318      17777      23541      41318      41318      1.0002     1.0002     1.0002     1.0006      0.60    13921.0761 18427.8925 32348.9687 13921.0761 18427.8925 32348.9687  65449.85 
287100000.00    7183       1248       8431      17817      23752      41569      17239      23310      40549      20784      1.0003     1.0002     1.0001     1.0006      0.60    13495.8142 18239.7526 31735.5668 13949.0935 18586.3183 32535.4118  65449.85 
290400000.00    7288       1437       8725      17712      23563      41275      17421      23390      40811      20637      1.0003     1.0007     1.0007     1.0002      0.60    13638.9039 18304.1853 31943.0893 13867.1738 18439.8828 32307.0566  65449.85 
293700000.00    7333       1378       8711      17667      23622      41289      17667      23622      41289      41289      1.0002     1.0002     1.0003     1.0004      0.60    13826.7978 18481.1915 32307.9893 13826.7978 18481.1915 32307.9893  65449.85 
297000000.00    7320       1439       8759      17680      23561      41241      17680      23561      41241      41241      1.0002     1.0001     1.0002     1.0002      0.60    13837.2775 18438.3938 32275.6714 13837.2775 18438.3938 32275.6714  65449.85 
300300000.00    7071       1249       8320      17929      23751      41680      17810      23640      41450      20840      1.0002     1.0007     1.0002     1.0001      0.60    13942.1687 18502.0423 32444.2110 14035.5379 18589.1213 32624.6592  65449.85 
303600000.00    7171       1392       8563      17829      23608      41437      17829      23608      41437      41437      1.0004     1.0003     1.0005     1.0007      0.60    13950.9245 18467.5110 32418.4355 13950.9245 18467.5110 32418.4355  65449.85 
306900000.00    6985       1193       8178      18015      23807      41822      18015      23807      41822      41822      1.0004     1.0005     1.0004     0.9999      0.60    14087.2332 18610.6807 32697.9140 14087.2332 18610.6807 32697.9140  65449.85 
310200000.00    7127       1532       8659      17873      23468      41341      17873      23468      41341      41341      1.0004     1.0001     1.0004     1.0001      0.60    13985.2541 18358.1837 32343.4378 13985.2541 18358.1837 32343.4378  65449.85 
313500000.00    6656       1113       7769      18344      23887      42231      18344      23887      42231      42231      1.0005     1.0004     1.0003     1.0005      0.60    14351.2581 18686.4196 33037.6777 14351.2581 18686.4196 33037.6777  65449.85 
316800000.00    6734       1228       7962      18266      23772      42038      18266      23772      42038      42038      1.0003     1.0003     1.0001     1.0002      0.60    14291.8488 18593.7210 32885.5698 14291.8488 18593.7210 32885.5698  65449.85 
320100000.00    6635       1091       7726      18365      23909      42274      18365      23909      42274      42274      1.0003     1.0003     1.0003     1.0003      0.60    14377.5869 18711.1281 33088.7149 14377.5869 18711.1281 33088.7149  65449.85 
323400000.00    6790       1198       7988      18210      23802      42012      18210      23802      42012      42012      1.0005     1.0004     1.0005     1.0000      0.60    14254.5149 18630.1499 32884.6648 14254.5149 18630.1499 32884.6648  65449.85 
326700000.00    6804       1464       8268      18196      23536      41732      18196      23536      41732      41732      1.0003     1.0002     1.0002     1.0001      0.60    14241.0451 18414.7770 32655.8221 14241.0451 18414.7770 32655.8221  65449.85 
