 Timestep    Gas_A      Gas_B     Gas_tot    Dense_A    Dense_B   Dense_tot   Lc_numA    Lc_numB    Lg_clust     MCS       sigALL     sigAA      sigAB      sigBB      phiEff   Lc_area_A  Lc_area_B   lc_area   den_area_A den_area_B  den_area   Box_area 
   0.00      50000      50000      100000       0          0          0          5          5          10         0        1.0070     1.0055     1.0054     1.0030      0.60      3.9256     3.9256     7.8512     0.0000     0.0000     0.0000   130899.70 
1699999.00   18008      10784      28792      31992      39216      71208       3670       4563       8233       1618      1.0008     0.9998     1.0008     1.0005      0.60    2872.2974  3570.6733  6442.9707  25044.2518 30690.3836 55734.6355 130899.70 
3399998.00   13757       5919      19676      36243      44081      80324      12806      15593      28399       6178      1.0003     1.0008     1.0011     1.0003      0.60    10019.0713 12196.9293 22216.0006 28353.4853 34475.0923 62828.5776 130899.70 
5099997.00   11329       4213      15542      38671      45787      84458      36405      43138      79543      16891      1.0010     1.0009     1.0005     1.0010      0.60    28486.5608 33741.8041 62228.3648 30260.7474 35814.9818 66075.7291 130899.70 
6799996.00   11347       4931      16278      38653      45069      83722      37756      44028      81784      27907      1.0008     1.0011     1.0008     1.0006      0.60    29541.5966 34439.1074 63980.7040 30243.7438 35254.0102 65497.7540 130899.70 
8499995.00   10509       4157      14666      39491      45843      85334      33030      38313      71343      21333      1.0004     1.0014     1.0004     1.0012      0.60    25840.6299 29964.7970 55805.4269 30896.4890 35855.0419 66751.5309 130899.70 
10199994.00   10537       4366      14903      39463      45634      85097      33120      38210      71330      17019      1.0004     1.0006     1.0004     1.0002      0.60    25908.6679 29880.0099 55788.6777 30871.8024 35687.1601 66558.9625 130899.70 
11899993.00   10250       3928      14178      39750      46072      85822      37984      44016      82000      17164      1.0007     1.0011     1.0004     1.0008      0.60    29711.4270 34421.8352 64133.2622 31093.7768 36030.9540 67124.7308 130899.70 
13599992.00   10368       4269      14637      39632      45731      85363      36410      41991      78401      28454      1.0006     1.0010     1.0007     1.0006      0.60    28478.9383 32834.6084 61313.5467 30999.4834 35759.6388 66759.1222 130899.70 
15299991.00   10443       4059      14502      39557      45941      85498      39482      45868      85350      42749      1.0010     1.0002     1.0010     1.0010      0.60    30885.9527 35870.3319 66756.2846 30944.7630 35927.5533 66872.3163 130899.70 
16999990.00   10060       3920      13980      39940      46080      86020      39940      46080      86020      86020      1.0005     1.0005     1.0009     1.0004      0.60    31240.9730 36035.3959 67276.3689 31240.9730 36035.3959 67276.3689 130899.70 
18699989.00   10118       3884      14002      39882      46116      85998      39882      46116      85998      85998      1.0003     1.0006     1.0010     1.0003      0.60    31199.1478 36064.8257 67263.9735 31199.1478 36064.8257 67263.9735 130899.70 
20399988.00   10018       3908      13926      39982      46092      86074      39982      46092      86074      86074      1.0008     1.0001     1.0008     1.0002      0.60    31279.2851 36048.2978 67327.5828 31279.2851 36048.2978 67327.5828 130899.70 
22099987.00   10080       3910      13990      39920      46090      86010      39920      46090      86010      86010      1.0004     1.0010     1.0007     1.0004      0.60    31232.5186 36048.6690 67281.1876 31232.5186 36048.6690 67281.1876 130899.70 
23799986.00   10351       4279      14630      39649      45721      85370      38478      44455      82933      21342      1.0009     1.0008     1.0010     1.0008      0.60    30098.0031 34762.6060 64860.6091 31015.1460 35754.0572 66769.2033 130899.70 
25499985.00   10012       3936      13948      39988      46064      86052      39988      46064      86052      86052      1.0007     1.0008     1.0007     1.0010      0.60    31280.1365 36022.4367 67302.5733 31280.1365 36022.4367 67302.5733 130899.70 
27199984.00   10359       4290      14649      39641      45710      85351      39532      45557      85089      28450      1.0008     1.0006     1.0007     1.0008      0.60    30916.0137 35619.1995 66535.2133 31001.4822 35739.1035 66740.5857 130899.70 
28899983.00    9917       3824      13741      40083      46176      86259      39406      45451      84857      43129      1.0006     1.0002     1.0009     1.0006      0.60    30823.7657 35539.3597 66363.1254 31353.8621 36106.7148 67460.5769 130899.70 
30599982.00    9942       3804      13746      40058      46196      86254      39204      45281      84485      28751      1.0005     1.0005     1.0005     1.0004      0.60    30669.7709 35414.3055 66084.0763 31338.6612 36130.8384 67469.4997 130899.70 
32299981.00   10084       3828      13912      39916      46172      86088      39299      45459      84758      28696      1.0007     1.0011     1.0005     1.0007      0.60    30744.3907 35552.4595 66296.8502 31227.6510 36110.6144 67338.2653 130899.70 
33999980.00    9934       3767      13701      40066      46233      86299      40066      46233      86299      86299      1.0008     1.0008     1.0008     1.0007      0.60    31338.5456 36148.6056 67487.1511 31338.5456 36148.6056 67487.1511 130899.70 
35699979.00    9518       3539      13057      40482      46461      86943      40482      46461      86943      86943      1.0006     1.0003     1.0007     1.0008      0.60    31662.9965 36327.9512 67990.9476 31662.9965 36327.9512 67990.9476 130899.70 
37399978.00    9518       3422      12940      40482      46578      87060      40482      46578      87060      87060      1.0007     1.0007     1.0006     1.0007      0.60    31664.6003 36419.8985 68084.4987 31664.6003 36419.8985 68084.4987 130899.70 
39099977.00    9716       3819      13535      40284      46181      86465      39595      45463      85058      28821      1.0002     1.0002     1.0007     1.0004      0.60    30970.3136 35550.8572 66521.1709 31509.8918 36113.2192 67623.1110 130899.70 
40799976.00   10045       4139      14184      39955      45861      85816      39466      45377      84843      42908      1.0010     1.0010     1.0010     1.0009      0.60    30874.2093 35488.2376 66362.4470 31257.2626 35867.2634 67124.5260 130899.70 
42499975.00    9861       3781      13642      40139      46219      86358      40139      46219      86358      86358      1.0004     1.0009     1.0009     1.0004      0.60    31395.8968 36138.3911 67534.2878 31395.8968 36138.3911 67534.2878 130899.70 
44199974.00    9716       3672      13388      40284      46328      86612      40284      46328      86612      86612      1.0008     1.0013     1.0009     1.0004      0.60    31503.3425 36218.5080 67721.8505 31503.3425 36218.5080 67721.8505 130899.70 
45899973.00    9805       3808      13613      40195      46192      86387      40195      46192      86387      86387      1.0006     1.0004     1.0006     1.0006      0.60    31437.6327 36116.7070 67554.3397 31437.6327 36116.7070 67554.3397 130899.70 
47599972.00    9779       3885      13664      40221      46115      86336      40087      45957      86044      43168      1.0006     1.0001     1.0006     1.0005      0.60    31356.6000 35939.2738 67295.8738 31461.5943 36063.0760 67524.6703 130899.70 
49299971.00    9714       3803      13517      40286      46197      86483      40286      46197      86483      86483      1.0005     1.0011     1.0007     1.0001      0.60    31510.4884 36119.2561 67629.7445 31510.4884 36119.2561 67629.7445 130899.70 
50999970.00    9826       3882      13708      40174      46118      86292      40094      46015      86109      43146      1.0007     1.0007     1.0007     1.0004      0.60    31362.9740 35984.9974 67347.9714 31425.6538 36065.6635 67491.3174 130899.70 
52699969.00    9684       3754      13438      40316      46246      86562      40263      46160      86423      43281      1.0001     1.0001     1.0008     1.0005      0.60    31490.6540 36089.8539 67580.5080 31532.2005 36157.2534 67689.4539 130899.70 
54399968.00    9925       3818      13743      40075      46182      86257      40075      46182      86257      86257      1.0001     1.0009     1.0001     1.0007      0.60    31346.5319 36112.0837 67458.6156 31346.5319 36112.0837 67458.6156 130899.70 
56099967.00    9891       3789      13680      40109      46211      86320      40109      46211      86320      86320      1.0001     1.0009     1.0000     1.0001      0.60    31371.4896 36135.8231 67507.3127 31371.4896 36135.8231 67507.3127 130899.70 
57799966.00    9977       3891      13868      40023      46109      86132      39964      46050      86014      43066      1.0005     1.0002     1.0003     1.0004      0.60    31255.2537 36005.6680 67260.9218 31301.5336 36051.8860 67353.4195 130899.70 
59499965.00    9939       3853      13792      40061      46147      86208      40061      46147      86208      86208      1.0002     1.0002     1.0003     1.0010      0.60    31334.1925 36082.4492 67416.6417 31334.1925 36082.4492 67416.6417 130899.70 
61199964.00    9532       3372      12904      40468      46628      87096      40468      46628      87096      87096      1.0004     1.0006     1.0008     1.0004      0.60    31656.6765 36463.6892 68120.3658 31656.6765 36463.6892 68120.3658 130899.70 
62899963.00    9898       4008      13906      40102      45992      86094      40102      45992      86094      86094      1.0007     1.0009     1.0010     1.0002      0.60    31362.9297 35957.9163 67320.8460 31362.9297 35957.9163 67320.8460 130899.70 
64599962.00    9590       3736      13326      40410      46264      86674      40098      45902      86000      43337      1.0007     1.0009     1.0007     1.0011      0.60    31357.9185 35887.5703 67245.4888 31602.3417 36171.0975 67773.4393 130899.70 
66299961.00    9708       3835      13543      40292      46165      86457      36198      41263      77461      21614      1.0006     1.0004     1.0006     1.0007      0.60    28311.9931 32262.7725 60574.7656 31516.1558 36098.1633 67614.3191 130899.70 
67999960.00    9769       4016      13785      40231      45984      86215      36202      41168      77370      21553      1.0007     1.0006     1.0005     1.0007      0.60    28310.2726 32181.7086 60491.9812 31464.0903 35950.2715 67414.3618 130899.70 
69699959.00    9683       3983      13666      40317      46017      86334      36060      41035      77095      21583      1.0004     1.0004     1.0008     1.0004      0.60    28198.1067 32080.6056 60278.7124 31530.6184 35978.0011 67508.6195 130899.70 
71399958.00    9707       3733      13440      40293      46267      86560      37601      42918      80519      43280      1.0008     1.0004     1.0008     1.0002      0.60    29411.1624 33562.3919 62973.5543 31518.0399 36182.6456 67700.6855 130899.70 
73099957.00    9674       3611      13285      40326      46389      86715      36856      42223      79079      21678      1.0009     1.0004     1.0009     1.0009      0.60    28823.8976 33012.1411 61836.0387 31540.6439 36272.9225 67813.5664 130899.70 
74799956.00   10093       4073      14166      39907      45927      85834      36559      41977      78536      28611      1.0005     1.0007     1.0004     1.0008      0.60    28588.3971 32817.5853 61405.9823 31208.7199 35907.9098 67116.6298 130899.70 
76499955.00    9659       3850      13509      40341      46150      86491      38711      44358      83069      21622      1.0003     1.0011     1.0003     1.0008      0.60    30279.1651 34687.6945 64966.8596 31555.5306 36090.0646 67645.5952 130899.70 
78199954.00   10114       4122      14236      39886      45878      85764      38663      44438      83101      28588      1.0007     1.0005     1.0007     1.0010      0.60    30234.3444 34741.3472 64975.6916 31192.2443 35868.8344 67061.0787 130899.70 
79899953.00   10240       4271      14511      39760      45729      85489      39329      45324      84653      28496      1.0006     1.0002     1.0006     1.0000      0.60    30747.9435 35424.4913 66172.4348 31085.5731 35741.8565 66827.4296 130899.70 
81599952.00    9727       3951      13678      40273      46049      86322      39321      45010      84331      28774      1.0004     1.0014     1.0004     1.0007      0.60    30745.7717 35182.2713 65928.0430 31490.9872 35994.7266 67485.7138 130899.70 
83299951.00    9734       3784      13518      40266      46216      86482      40162      46111      86273      43241      1.0007     1.0012     1.0008     1.0007      0.60    31411.6481 36052.9146 67464.5627 31493.1141 36135.1562 67628.2703 130899.70 
84999950.00    9342       3446      12788      40658      46554      87212      40658      46554      87212      87212      1.0010     1.0001     1.0010     1.0002      0.60    31798.8557 36399.1417 68197.9974 31798.8557 36399.1417 68197.9974 130899.70 
86699949.00    9269       3496      12765      40731      46504      87235      40731      46504      87235      87235      1.0002     1.0011     1.0002     1.0010      0.60    31854.0355 36357.8503 68211.8858 31854.0355 36357.8503 68211.8858 130899.70 
88399948.00    9590       3703      13293      40410      46297      86707      40410      46297      86707      86707      1.0006     1.0004     1.0006     1.0009      0.60    31609.3457 36202.0808 67811.4265 31609.3457 36202.0808 67811.4265 130899.70 
90099947.00    9472       3659      13131      40528      46341      86869      30619      35173      65792      28956      1.0009     1.0002     1.0009     1.0004      0.60    23946.9219 27501.6764 51448.5983 31698.3058 36234.6321 67932.9379 130899.70 
91799946.00    9774       3855      13629      40226      46145      86371      30542      35241      65783      43185      1.0008     1.0007     1.0008     1.0003      0.60    23889.1798 27557.3427 51446.5225 31462.4157 36082.4608 67544.8765 130899.70 
93499945.00    9680       3550      13230      40320      46450      86770      39991      46134      86125      28923      1.0001     1.0001     1.0005     1.0006      0.60    31274.9040 36070.9196 67345.8236 31532.7870 36318.5711 67851.3580 130899.70 
95199944.00    9587       3606      13193      40413      46394      86807      31246      35947      67193      28935      1.0007     1.0007     1.0007     1.0009      0.60    24438.9561 28107.1862 52546.1423 31610.5785 36277.6960 67888.2745 130899.70 
96899943.00    9848       3802      13650      40152      46198      86350      39907      45897      85804      28783      1.0005     1.0012     1.0006     1.0005      0.60    31213.7834 35889.3630 67103.1465 31405.8383 36125.2164 67531.0547 130899.70 
98599942.00    9873       3703      13576      40127      46297      86424      40127      46297      86424      86424      1.0003     1.0003     1.0003     1.0007      0.60    31382.3534 36196.7064 67579.0598 31382.3534 36196.7064 67579.0598 130899.70 
100299941.00   10115       3966      14081      39885      46034      85919      39450      45601      85051      28639      1.0002     1.0006     1.0004     1.0002      0.60    30851.3021 35649.7105 66501.0126 31192.0779 35988.8481 67180.9259 130899.70 
101999940.00    9803       3854      13657      40197      46146      86343      38580      44412      82992      21585      1.0004     1.0011     1.0006     1.0004      0.60    30169.2777 34717.2723 64886.5500 31434.4370 36073.9691 67508.4061 130899.70 
103699939.00   10155       3919      14074      39845      46081      85926      38681      44929      83610      17185      1.0002     1.0002     1.0007     1.0006      0.60    30245.1570 35117.6340 65362.7910 31156.6563 36019.6036 67176.2599 130899.70 
105399938.00   10418       3988      14406      39582      46012      85594      38613      45009      83622      17118      1.0006     1.0005     1.0006     1.0006      0.60    30196.5561 35185.9876 65382.5437 30955.6305 35971.5922 66927.2227 130899.70 
107099937.00    9993       3581      13574      40007      46419      86426      39244      45664      84908      43213      1.0004     1.0000     1.0004     1.0003      0.60    30684.0495 35696.1268 66380.1762 31281.6052 36287.3004 67568.9056 130899.70 
108799936.00    9894       3656      13550      40106      46344      86450      38738      44817      83555      28816      1.0006     1.0006     1.0001     1.0006      0.60    30294.6738 35037.6670 65332.3407 31365.7104 36233.0042 67598.7146 130899.70 
110499935.00   10074       4062      14136      39926      45938      85864      38770      44734      83504      21466      1.0002     1.0006     1.0005     1.0002      0.60    30318.6899 34971.5227 65290.2126 31223.6899 35913.6832 67137.3731 130899.70 
112199934.00    9882       3830      13712      40118      46170      86288      39064      45066      84130      21572      1.0004     1.0002     1.0004     1.0006      0.60    30546.2435 35227.4058 65773.6493 31371.6552 36091.8562 67463.5114 130899.70 
113899933.00    9717       3776      13493      40283      46224      86507      39496      45450      84946      21626      1.0005     1.0004     1.0002     1.0005      0.60    30895.4440 35543.4649 66438.9089 31512.2446 36149.6880 67661.9326 130899.70 
115599932.00    9825       3735      13560      40175      46265      86440      39656      45816      85472      28813      1.0009     1.0009     1.0009     1.0011      0.60    31013.4810 35822.1794 66835.6605 31419.9122 36173.9893 67593.9015 130899.70 
117299931.00    9591       3536      13127      40409      46464      86873      40190      46298      86488      43436      1.0003     1.0008     1.0003     1.0008      0.60    31434.6610 36204.0519 67638.7129 31606.2517 36334.0830 67940.3347 130899.70 
118999930.00    9749       3769      13518      40251      46231      86482      39746      45739      85485      21620      1.0006     1.0006     1.0003     1.0004      0.60    31083.9014 35762.8508 66846.7522 31479.5783 36148.1766 67627.7549 130899.70 
120699929.00    9976       3778      13754      40024      46222      86246      39844      46018      85862      28748      1.0007     1.0008     1.0007     1.0009      0.60    31161.4763 35983.0995 67144.5758 31302.5443 36142.8889 67445.4332 130899.70 
122399928.00    9777       3748      13525      40223      46252      86475      40223      46252      86475      86475      1.0004     1.0010     1.0007     1.0002      0.60    31460.1178 36168.5301 67628.6479 31460.1178 36168.5301 67628.6479 130899.70 
124099927.00   10329       4230      14559      39671      45770      85441      39365      45424      84789      42720      1.0005     1.0008     1.0011     1.0005      0.60    30783.8311 35514.5970 66298.4281 31023.4668 35785.5169 66808.9837 130899.70 
125799926.00    9879       3775      13654      40121      46225      86346      39882      45944      85826      43173      1.0006     1.0010     1.0005     1.0012      0.60    31186.5900 35916.4653 67103.0553 31373.7781 36136.5258 67510.3038 130899.70 
127499925.00    9900       3835      13735      40100      46165      86265      40026      46095      86121      43132      1.0009     1.0009     1.0006     1.0009      0.60    31301.6920 36039.3154 67341.0074 31359.7181 36094.2001 67453.9182 130899.70 
129199924.00   10159       4132      14291      39841      45868      85709      39251      45221      84472      28569      1.0005     1.0010     1.0005     1.0009      0.60    30693.9026 35353.4789 66047.3815 31156.0909 35859.9855 67016.0764 130899.70 
130899923.00    9495       3443      12938      40505      46557      87062      39953      45968      85921      29020      1.0006     1.0001     1.0007     0.9999      0.60    31242.4014 35933.5018 67175.9033 31674.9569 36394.8966 68069.8535 130899.70 
132599922.00    9658       3670      13328      40342      46330      86672      39901      45870      85771      21668      1.0008     1.0011     1.0008     1.0005      0.60    31205.0608 35864.2769 67069.3377 31550.7269 36224.6134 67775.3402 130899.70 
134299921.00    9760       3872      13632      40240      46128      86368      40087      45964      86051      43184      1.0006     1.0005     1.0006     1.0003      0.60    31354.1552 35942.6463 67296.8015 31474.0821 36071.1862 67545.2683 130899.70 
135999920.00    9935       4027      13962      40065      45973      86038      39787      45666      85453      43019      1.0005     1.0006     1.0005     1.0006      0.60    31108.0670 35697.8773 66805.9442 31325.8750 35938.2361 67264.1112 130899.70 
137699919.00    9432       3538      12970      40568      46462      87030      40568      46462      87030      87030      1.0004     1.0006     1.0003     1.0004      0.60    31724.4482 36325.1564 68049.6046 31724.4482 36325.1564 68049.6046 130899.70 
139399918.00    9411       3627      13038      40589      46373      86962      40589      46373      86962      86962      1.0003     1.0003     1.0002     1.0006      0.60    31751.2981 36265.4755 68016.7736 31751.2981 36265.4755 68016.7736 130899.70 
141099917.00    9811       3839      13650      40189      46161      86350      39917      45865      85782      21587      1.0005     1.0004     1.0006     1.0005      0.60    31213.6627 35851.5522 67065.2148 31426.8507 36083.5246 67510.3754 130899.70 
142799916.00    9745       3873      13618      40255      46127      86382      40255      46127      86382      86382      1.0008     1.0007     1.0008     1.0005      0.60    31480.5939 36064.4207 67545.0146 31480.5939 36064.4207 67545.0146 130899.70 
144499915.00    9695       3729      13424      40305      46271      86576      40305      46271      86576      86576      1.0005     1.0008     1.0007     1.0005      0.60    31520.8884 36175.2092 67696.0976 31520.8884 36175.2092 67696.0976 130899.70 
146199914.00    9506       3473      12979      40494      46527      87021      40494      46527      87021      87021      1.0006     1.0004     1.0007     1.0008      0.60    31664.8984 36374.0895 68038.9880 31664.8984 36374.0895 68038.9880 130899.70 
147899913.00    9836       3735      13571      40164      46265      86429      40164      46265      86429      86429      1.0003     1.0005     1.0008     1.0005      0.60    31409.0926 36170.9341 67580.0267 31409.0926 36170.9341 67580.0267 130899.70 
149599912.00    9771       3843      13614      40229      46157      86386      39821      45732      85553      28795      1.0005     1.0005     1.0004     1.0005      0.60    31135.8128 35752.2324 66888.0451 31455.4567 36084.9712 67540.4279 130899.70 
151299911.00    9976       3962      13938      40024      46038      86062      39631      45543      85174      28687      1.0005     1.0007     1.0006     1.0005      0.60    30982.7337 35596.9485 66579.6822 31290.6423 35984.5629 67275.2051 130899.70 
152999910.00    9358       3538      12896      40642      46462      87104      40399      46191      86590      29034      1.0008     1.0008     1.0008     1.0009      0.60    31590.4448 36109.2326 67699.6774 31780.9121 36321.6096 68102.5216 130899.70 
154699909.00    9155       3211      12366      40845      46789      87634      40845      46789      87634      87634      1.0003     1.0005     1.0007     1.0003      0.60    31933.6686 36570.3997 68504.0683 31933.6686 36570.3997 68504.0683 130899.70 
156399908.00    9572       3653      13225      40428      46347      86775      40428      46347      86775      86775      1.0009     1.0012     1.0012     1.0004      0.60    31617.0264 36235.8444 67852.8708 31617.0264 36235.8444 67852.8708 130899.70 
158099907.00    9590       3773      13363      40410      46227      86637      40410      46227      86637      86637      1.0006     1.0012     1.0004     1.0000      0.60    31598.0695 36139.2867 67737.3561 31598.0695 36139.2867 67737.3561 130899.70 
159799906.00    9655       3617      13272      40345      46383      86728      40345      46383      86728      86728      1.0005     1.0000     1.0005     1.0008      0.60    31539.0682 36250.4182 67789.4864 31539.0682 36250.4182 67789.4864 130899.70 
161499905.00    9351       3603      12954      40649      46397      87046      40528      46296      86824      29015      1.0005     1.0005     1.0008     1.0005      0.60    31690.9798 36191.1417 67882.1215 31785.8620 36270.3062 68056.1682 130899.70 
163199904.00    9429       3698      13127      40571      46302      86873      40571      46302      86873      86873      1.0005     1.0003     1.0015     1.0005      0.60    31726.2086 36194.6107 67920.8193 31726.2086 36194.6107 67920.8193 130899.70 
164899903.00    9373       3532      12905      40627      46468      87095      40627      46468      87095      87095      1.0004     1.0004     1.0002     1.0004      0.60    31764.8884 36321.4044 68086.2928 31764.8884 36321.4044 68086.2928 130899.70 
166599902.00    9457       3722      13179      40543      46278      86821      40027      45762      85789      28940      1.0005     1.0010     1.0007     1.0005      0.60    31296.9922 35770.3433 67067.3355 31701.3913 36174.6012 67875.9925 130899.70 
168299901.00    9366       3571      12937      40634      46429      87063      40471      46247      86718      43531      1.0010     1.0010     1.0003     1.0010      0.60    31651.2664 36154.7065 67805.9729 31778.9836 36297.1992 68076.1828 130899.70 
169999900.00    9612       3635      13247      40388      46365      86753      40388      46365      86753      86753      1.0004     1.0002     1.0008     1.0009      0.60    31586.8855 36249.8218 67836.7072 31586.8855 36249.8218 67836.7072 130899.70 
171699899.00    9838       3874      13712      40162      46126      86288      39885      45819      85704      28762      1.0007     1.0003     1.0007     1.0005      0.60    31190.2588 35820.8144 67011.0732 31407.2839 36061.3915 67468.6754 130899.70 
173399898.00    9709       3666      13375      40291      46334      86625      40172      46215      86387      43312      1.0006     1.0006     1.0005     1.0004      0.60    31413.8080 36129.5783 67543.3863 31507.0967 36222.8688 67729.9655 130899.70 
175099897.00    9628       3573      13201      40372      46427      86799      40372      46427      86799      86799      1.0005     1.0009     1.0005     1.0010      0.60    31569.1904 36293.9433 67863.1337 31569.1904 36293.9433 67863.1337 130899.70 
176799896.00    9771       3596      13367      40229      46404      86633      40229      46404      86633      86633      1.0002     1.0005     1.0002     1.0001      0.60    31451.6091 36265.7030 67717.3120 31451.6091 36265.7030 67717.3120 130899.70 
178499895.00    9440       3404      12844      40560      46596      87156      40560      46596      87156      87156      1.0005     1.0010     1.0002     1.0005      0.60    31716.8842 36425.8367 68142.7209 31716.8842 36425.8367 68142.7209 130899.70 
180199894.00    9754       3697      13451      40246      46303      86549      40173      46243      86416      43274      1.0007     1.0007     1.0003     1.0011      0.60    31413.7713 36151.9783 67565.7495 31471.0118 36199.0504 67670.0622 130899.70 
181899893.00    9624       3627      13251      40376      46373      86749      40376      46373      86749      86749      1.0003     1.0003     1.0006     1.0003      0.60    31569.6858 36247.2079 67816.8937 31569.6858 36247.2079 67816.8937 130899.70 
183599892.00    9409       3394      12803      40591      46606      87197      40591      46606      87197      87197      1.0005     1.0004     1.0005     1.0004      0.60    31737.6164 36430.6394 68168.2558 31737.6164 36430.6394 68168.2558 130899.70 
185299891.00    9192       3258      12450      40808      46742      87550      40808      46742      87550      87550      1.0007     1.0005     1.0002     1.0003      0.60    31906.9394 36533.5512 68440.4906 31906.9394 36533.5512 68440.4906 130899.70 
186999890.00    9803       3939      13742      40197      46061      86258      40132      45995      86127      43129      1.0008     1.0012     1.0008     1.0004      0.60    31383.0592 35954.3436 67337.4028 31434.0237 36006.0731 67440.0967 130899.70 
188699889.00    9840       3940      13780      40160      46060      86220      40030      45970      86000      43110      1.0005     1.0008     1.0007     1.0005      0.60    31300.3585 35934.7391 67235.0975 31402.3250 36005.2853 67407.6104 130899.70 
190399888.00    9550       3658      13208      40450      46342      86792      40384      46288      86672      43396      1.0003     1.0005     1.0002     1.0003      0.60    31575.5045 36180.5881 67756.0926 31627.2841 36222.9153 67850.1995 130899.70 
192099887.00    9209       3357      12566      40791      46643      87434      40791      46643      87434      87434      1.0005     1.0007     1.0010     1.0005      0.60    31893.5671 36458.8618 68352.4289 31893.5671 36458.8618 68352.4289 130899.70 
193799886.00    9234       3493      12727      40766      46507      87273      40579      46324      86903      29091      1.0007     1.0011     1.0007     1.0009      0.60    31733.3347 36213.1469 67946.4816 31879.8858 36356.5099 68236.3957 130899.70 
195499885.00    9372       3644      13016      40628      46356      86984      40628      46356      86984      86984      1.0004     1.0008     1.0004     1.0005      0.60    31770.8403 36237.7663 68008.6066 31770.8403 36237.7663 68008.6066 130899.70 
197199884.00    9286       3501      12787      40714      46499      87213      40714      46499      87213      87213      1.0004     1.0008     1.0009     1.0004      0.60    31837.9657 36351.7192 68189.6849 31837.9657 36351.7192 68189.6849 130899.70 
198899883.00    9488       3670      13158      40512      46330      86842      40431      46227      86658      43421      1.0009     1.0007     1.0009     1.0009      0.60    31615.4303 36138.7488 67754.1792 31678.9364 36219.5000 67898.4364 130899.70 
200599882.00    9613       3663      13276      40387      46337      86724      40387      46337      86724      86724      1.0004     1.0004     1.0011     1.0002      0.60    31577.8372 36223.3500 67801.1872 31577.8372 36223.3500 67801.1872 130899.70 
202299881.00    9347       3587      12934      40653      46413      87066      39441      45197      84638      29022      1.0004     1.0006     1.0004     1.0007      0.60    30834.8861 35325.0263 66159.9124 31783.7417 36277.1661 68060.9078 130899.70 
203999880.00    9609       3856      13465      40391      46144      86535      40301      46053      86354      43267      1.0005     1.0010     1.0005     1.0002      0.60    31513.3176 35997.8414 67511.1590 31583.8861 36069.1720 67653.0581 130899.70 
205699879.00    9651       3912      13563      40349      46088      86437      40182      45937      86119      28812      1.0007     1.0007     1.0009     1.0005      0.60    31422.5808 35912.3165 67334.8973 31553.5422 36030.6058 67584.1481 130899.70 
207399878.00    9726       3540      13266      40274      46460      86734      40203      46385      86588      43367      1.0009     1.0006     1.0009     1.0002      0.60    31422.9772 36246.5125 67669.4898 31478.6323 36305.3057 67783.9380 130899.70 
209099877.00    9323       3399      12722      40677      46601      87278      40677      46601      87278      87278      1.0006     1.0008     1.0002     1.0011      0.60    31803.7023 36424.4241 68228.1263 31803.7023 36424.4241 68228.1263 130899.70 
210799876.00    9353       3449      12802      40647      46551      87198      40547      46459      87006      43599      1.0004     1.0003     1.0004     1.0009      0.60    31713.8701 36327.1691 68041.0393 31792.2639 36399.2634 68191.5274 130899.70 
212499875.00    9527       3593      13120      40473      46407      86880      40378      46311      86689      43440      1.0006     1.0012     1.0006     1.0011      0.60    31573.8677 36204.1202 67777.9878 31648.3247 36279.3447 67927.6695 130899.70 
214199874.00    9658       3717      13375      40342      46283      86625      39683      45522      85205      21656      1.0006     1.0003     1.0007     1.0006      0.60    31035.9812 35594.6914 66630.6726 31552.2437 36190.2198 67742.4635 130899.70 
215899873.00   10003       4034      14037      39997      45966      85963      38966      44909      83875      21490      1.0009     1.0009     1.0003     1.0001      0.60    30462.6254 35100.0595 65562.6849 31269.9879 35927.4576 67197.4455 130899.70 
217599872.00    9869       3791      13660      40131      46209      86340      40131      46209      86340      86340      1.0006     1.0006     0.9999     1.0006      0.60    31383.6910 36128.3922 67512.0832 31383.6910 36128.3922 67512.0832 130899.70 
219299871.00    9610       3739      13349      40390      46261      86651      39988      45860      85848      43325      1.0008     1.0005     1.0008     1.0003      0.60    31273.5979 35855.3582 67128.9561 31588.3192 36169.1624 67757.4816 130899.70 
220999870.00    9741       3695      13436      40259      46305      86564      39746      45804      85550      28854      1.0007     1.0005     1.0001     1.0004      0.60    31077.0338 35804.0877 66881.1214 31478.9005 36196.4684 67675.3689 130899.70 
222699869.00    9872       3858      13730      40128      46142      86270      39901      45942      85843      28756      1.0005     1.0011     1.0009     1.0005      0.60    31206.2465 35919.3085 67125.5550 31384.1476 36076.0831 67460.2306 130899.70 
224399868.00    9878       3898      13776      40122      46102      86224      40122      46102      86224      86224      1.0003     1.0012     1.0003     1.0004      0.60    31384.6376 36050.2878 67434.9254 31384.6376 36050.2878 67434.9254 130899.70 
226099867.00    9532       3481      13013      40468      46519      86987      40187      46211      86398      43493      1.0005     1.0005     1.0009     1.0006      0.60    31433.0744 36131.8326 67564.9070 31653.2056 36373.0727 68026.2783 130899.70 
227799866.00    9934       3902      13836      40066      46098      86164      39941      45984      85925      43082      1.0007     1.0011     1.0003     1.0008      0.60    31244.9564 35961.9895 67206.9459 31342.8688 36051.2957 67394.1645 130899.70 
229499865.00   10064       3967      14031      39936      46033      85969      39936      46033      85969      85969      1.0004     1.0011     1.0004     1.0003      0.60    31234.9472 35992.7992 67227.7464 31234.9472 35992.7992 67227.7464 130899.70 
231199864.00    9867       3735      13602      40133      46265      86398      39581      45618      85199      43199      1.0005     1.0007     1.0005     1.0004      0.60    30955.7983 35668.7737 66624.5720 31388.0003 36175.4554 67563.4556 130899.70 
232899863.00   10127       4002      14129      39873      45998      85871      39553      45622      85175      42935      1.0003     1.0005     1.0002     1.0003      0.60    30934.6186 35669.8540 66604.4726 31185.2809 35964.3460 67149.6269 130899.70 
234599862.00    9742       3556      13298      40258      46444      86702      40258      46444      86702      86702      1.0006     1.0013     1.0005     1.0006      0.60    31480.9299 36309.9921 67790.9220 31480.9299 36309.9921 67790.9220 130899.70 
236299861.00   10092       3853      13945      39908      46147      86055      39275      45460      84735      28685      1.0004     1.0012     1.0004     1.0007      0.60    30713.2614 35539.2280 66252.4894 31209.2464 36077.4566 67286.7030 130899.70 
237999860.00   10376       4057      14433      39624      45943      85567      39152      45420      84572      28522      1.0005     1.0013     1.0014     1.0005      0.60    30614.1210 35501.8327 66115.9537 30983.9190 35911.3398 66895.2587 130899.70 
239699859.00    9785       3598      13383      40215      46402      86617      40150      46332      86482      43308      1.0004     1.0005     1.0004     1.0006      0.60    31393.7243 36216.9204 67610.6447 31444.6129 36271.7109 67716.3238 130899.70 
241399858.00   10018       3844      13862      39982      46156      86138      39982      46156      86138      86138      1.0005     1.0013     1.0007     1.0002      0.60    31264.2518 36079.7418 67343.9936 31264.2518 36079.7418 67343.9936 130899.70 
243099857.00    9704       3782      13486      40296      46218      86514      39758      45648      85406      28838      1.0005     1.0005     1.0005     1.0005      0.60    31086.9757 35681.4484 66768.4241 31508.3443 36127.7840 67636.1283 130899.70 
244799856.00    9632       3691      13323      40368      46309      86677      39910      45785      85695      43338      1.0007     1.0007     1.0007     1.0005      0.60    31207.3164 35788.5169 66995.8333 31565.9248 36198.7192 67764.6440 130899.70 
246499855.00    9743       3693      13436      40257      46307      86564      39803      45838      85641      43282      1.0005     1.0005     1.0001     1.0003      0.60    31121.7585 35827.2877 66949.0462 31477.3600 36194.4795 67671.8395 130899.70 
248199854.00    9528       3515      13043      40472      46485      86957      39818      45841      85659      28985      1.0007     1.0002     1.0005     1.0007      0.60    31139.3424 35836.4561 66975.7984 31651.6698 36340.8466 67992.5165 130899.70 
249899853.00    9809       3907      13716      40191      46093      86284      39724      45614      85338      28761      1.0007     1.0006     1.0004     1.0007      0.60    31060.9497 35654.1382 66715.0879 31426.7622 36029.1311 67455.8934 130899.70 
251599852.00    9486       3512      12998      40514      46488      87002      40187      46190      86377      43501      1.0005     1.0005     1.0008     1.0005      0.60    31423.4748 36106.7431 67530.2178 31679.6863 36340.2640 68019.9503 130899.70 
253299851.00    9440       3383      12823      40560      46617      87177      39946      45991      85937      29059      1.0006     1.0004     1.0010     1.0006      0.60    31240.8634 35956.6948 67197.5581 31721.6342 36446.7915 68168.4257 130899.70 
254999850.00    9740       3745      13485      40260      46255      86515      39858      45834      85692      28838      1.0008     1.0008     1.0005     1.0003      0.60    31164.3900 35824.2228 66988.6128 31479.3570 36153.8384 67633.1954 130899.70 
256699849.00    9627       3681      13308      40373      46319      86692      40273      46274      86547      43346      1.0006     1.0010     1.0006     1.0004      0.60    31491.5093 36169.4403 67660.9495 31569.8974 36204.7278 67774.6252 130899.70 
258399848.00   10085       4096      14181      39915      45904      85819      39853      45803      85656      42909      1.0009     1.0006     1.0007     1.0006      0.60    31156.5360 35796.2627 66952.7986 31205.1107 35875.4599 67080.5706 130899.70 
260099847.00    9611       3734      13345      40389      46266      86655      40389      46266      86655      86655      1.0004     1.0002     1.0010     1.0004      0.60    31583.3845 36170.2439 67753.6284 31583.3845 36170.2439 67753.6284 130899.70 
261799846.00    9433       3641      13074      40567      46359      86926      40567      46359      86926      86926      1.0006     1.0005     1.0003     1.0006      0.60    31713.2274 36230.2390 67943.4664 31713.2274 36230.2390 67943.4664 130899.70 
263499845.00    9519       3706      13225      40481      46294      86775      40352      46146      86498      28925      1.0006     1.0001     1.0002     1.0006      0.60    31547.5294 36066.4981 67614.0275 31648.6931 36182.5223 67831.2154 130899.70 
265199844.00    9408       3687      13095      40592      46313      86905      39930      45739      85669      21726      1.0004     1.0001     1.0004     1.0004      0.60    31220.0628 35753.9593 66974.0221 31738.7919 36203.6361 67942.4280 130899.70 
266899843.00    9566       3897      13463      40434      46103      86537      39981      45754      85735      43268      1.0004     1.0001     1.0004     1.0003      0.60    31259.7140 35762.9998 67022.7138 31614.5875 36036.2347 67650.8222 130899.70 
268599842.00    9803       3991      13794      40197      46009      86206      39611      45510      85121      28735      1.0003     1.0004     1.0011     1.0003      0.60    30971.4479 35572.6283 66544.0762 31430.5632 35963.5085 67394.0716 130899.70 
270299841.00    9504       3663      13167      40496      46337      86833      40496      46337      86833      86833      1.0005     1.0004     1.0006     1.0005      0.60    31665.5114 36220.7492 67886.2606 31665.5114 36220.7492 67886.2606 130899.70 
271999840.00    9569       3654      13223      40431      46346      86777      40431      46346      86777      86777      1.0008     1.0002     1.0008     1.0003      0.60    31615.2150 36234.1218 67849.3368 31615.2150 36234.1218 67849.3368 130899.70 
273699839.00    9391       3433      12824      40609      46567      87176      40609      46567      87176      87176      1.0004     1.0004     1.0004     1.0003      0.60    31759.1194 36407.1746 68166.2941 31759.1194 36407.1746 68166.2941 130899.70 
275399838.00    9568       3701      13269      40432      46299      86731      40432      46299      86731      86731      1.0006     1.0005     1.0002     1.0006      0.60    31616.2946 36192.2511 67808.5457 31616.2946 36192.2511 67808.5457 130899.70 
277099837.00    9660       3907      13567      40340      46093      86433      39090      44861      83951      43216      1.0006     1.0003     1.0007     1.0005      0.60    30564.6647 35067.5062 65632.1709 31543.7171 36032.0323 67575.7494 130899.70 
278799836.00    9571       3653      13224      40429      46347      86776      40429      46347      86776      86776      1.0004     1.0006     1.0004     1.0002      0.60    31613.9235 36230.4344 67844.3578 31613.9235 36230.4344 67844.3578 130899.70 
280499835.00    9356       3514      12870      40644      46486      87130      40644      46486      87130      87130      1.0005     1.0005     1.0005     1.0002      0.60    31782.4936 36338.7175 68121.2111 31782.4936 36338.7175 68121.2111 130899.70 
282199834.00    9385       3598      12983      40615      46402      87017      40529      46335      86864      43508      1.0005     1.0009     1.0003     1.0005      0.60    31692.1451 36222.4778 67914.6229 31759.5643 36275.0119 68034.5762 130899.70 
283899833.00    9138       3259      12397      40862      46741      87603      40862      46741      87603      87603      1.0005     1.0007     1.0005     1.0009      0.60    31957.2370 36544.3594 68501.5964 31957.2370 36544.3594 68501.5964 130899.70 
285599832.00    9399       3540      12939      40601      46460      87061      40601      46460      87061      87061      1.0004     0.9998     1.0004     1.0008      0.60    31748.1411 36319.8621 68068.0032 31748.1411 36319.8621 68068.0032 130899.70 
287299831.00    9435       3595      13030      40565      46405      86970      40349      46190      86539      43485      1.0008     1.0007     1.0004     1.0003      0.60    31551.7071 36105.9570 67657.6641 31720.9074 36274.3407 67995.2480 130899.70 
288999830.00    9792       3788      13580      40208      46212      86420      39893      45915      85808      28806      1.0005     1.0009     1.0008     1.0005      0.60    31194.6616 35892.5190 67087.1807 31441.4892 36125.1620 67566.6511 130899.70 
290699829.00    9940       3957      13897      40060      46043      86103      39552      45567      85119      21525      1.0006     1.0012     1.0006     1.0009      0.60    30923.7453 35615.2984 66539.0437 31321.7898 35988.1541 67309.9438 130899.70 
292399828.00    9702       3690      13392      40298      46310      86608      40017      46066      86083      28869      1.0002     1.0015     1.0002     1.0008      0.60    31296.0985 36014.8454 67310.9439 31516.3942 36206.0287 67722.4229 130899.70 
294099827.00    9613       3565      13178      40387      46435      86822      40331      46380      86711      43411      1.0006     1.0006     1.0007     1.0008      0.60    31538.9116 36260.2616 67799.1732 31582.8090 36303.3818 67886.1908 130899.70 
295799826.00    9499       3642      13141      40501      46358      86859      40501      46358      86859      86859      1.0008     1.0008     1.0008     1.0005      0.60    31667.3960 36233.8294 67901.2253 31667.3960 36233.8294 67901.2253 130899.70 
297499825.00    9548       3654      13202      40452      46346      86798      40241      46152      86393      43399      1.0009     1.0009     1.0004     1.0000      0.60    31462.6470 36072.7637 67535.4107 31628.0044 36224.7318 67852.7362 130899.70 
299199824.00    9454       3719      13173      40546      46281      86827      40430      46169      86599      43413      1.0006     1.0006     1.0006     1.0003      0.60    31614.1796 36091.6639 67705.8435 31705.0397 36179.3427 67884.3824 130899.70 
300899823.00    9413       3531      12944      40587      46469      87056      40587      46469      87056      87056      1.0006     1.0008     1.0006     1.0008      0.60    31738.5413 36329.5795 68068.1208 31738.5413 36329.5795 68068.1208 130899.70 
302599822.00    9522       3733      13255      40478      46267      86745      40411      46189      86600      43372      1.0004     1.0009     1.0007     1.0004      0.60    31594.0629 36103.1576 67697.2205 31646.5924 36164.2787 67810.8711 130899.70 
304299821.00    9035       3302      12337      40965      46698      87663      40062      45472      85534      29221      1.0006     1.0006     1.0006     1.0006      0.60    31325.4503 35546.2693 66871.7196 32032.5521 36506.0989 68538.6510 130899.70 
305999820.00    9183       3531      12714      40817      46469      87286      40486      46051      86537      43643      1.0005     1.0006     1.0005     1.0004      0.60    31662.7576 36002.7120 67665.4695 31922.0183 36329.9215 68251.9398 130899.70 
307699819.00    9593       3878      13471      40407      46122      86529      40253      45966      86219      43264      1.0003     1.0006     1.0003     1.0003      0.60    31476.7376 35931.9723 67408.7098 31597.4481 36054.1497 67651.5979 130899.70 
309399818.00    9532       3747      13279      40468      46253      86721      40344      46124      86468      43360      1.0004     1.0008     1.0001     1.0004      0.60    31547.3874 36057.7239 67605.1113 31644.5441 36158.8074 67803.3515 130899.70 
311099817.00    9588       3731      13319      40412      46269      86681      40321      46147      86468      43340      1.0003     1.0005     1.0010     1.0005      0.60    31526.6428 36073.3994 67600.0422 31598.0062 36168.9771 67766.9834 130899.70 
312799816.00    9302       3401      12703      40698      46599      87297      40698      46599      87297      87297      1.0007     1.0002     1.0007     1.0002      0.60    31824.4536 36428.4475 68252.9010 31824.4536 36428.4475 68252.9010 130899.70 
314499815.00    9325       3352      12677      40675      46648      87323      40675      46648      87323      87323      1.0006     1.0011     1.0006     1.0001      0.60    31802.7920 36462.8198 68265.6118 31802.7920 36462.8198 68265.6118 130899.70 
316199814.00    9419       3607      13026      40581      46393      86974      40254      46041      86295      43487      1.0005     1.0007     1.0009     1.0003      0.60    31478.5048 35996.5748 67475.0795 31734.8251 36272.3731 68007.1982 130899.70 
317899813.00    9787       3854      13641      40213      46146      86359      40079      45977      86056      43179      1.0005     1.0008     1.0004     1.0005      0.60    31341.3672 35945.5365 67286.9037 31446.2847 36077.9169 67524.2017 130899.70 
319599812.00   10190       4142      14332      39810      45858      85668      39399      45440      84839      28556      1.0006     1.0003     1.0004     1.0006      0.60    30805.6236 35519.5011 66325.1246 31127.6068 35847.0439 66974.6507 130899.70 
321299811.00    9869       3782      13651      40131      46218      86349      39867      45991      85858      28783      1.0004     1.0003     1.0006     1.0006      0.60    31172.8125 35949.6024 67122.4150 31379.7907 36127.4897 67507.2804 130899.70 
322999810.00    9825       3636      13461      40175      46364      86539      40030      46225      86255      28846      1.0007     1.0007     1.0003     1.0006      0.60    31291.0913 36124.8134 67415.9047 31404.7528 36233.7248 67638.4776 130899.70 
324699809.00    9818       3483      13301      40182      46517      86699      40111      46438      86549      43349      1.0008     1.0001     1.0008     1.0000      0.60    31360.3593 36297.3484 67657.7077 31416.0247 36359.2247 67775.2494 130899.70 
326399808.00    9771       3529      13300      40229      46471      86700      40099      46327      86426      43350      1.0005     1.0009     1.0006     1.0001      0.60    31353.6320 36213.7241 67567.3561 31455.5168 36326.5611 67782.0779 130899.70 
328099807.00    9801       3692      13493      40199      46308      86507      40199      46308      86507      86507      1.0002     1.0002     1.0006     1.0003      0.60    31439.4065 36208.2340 67647.6405 31439.4065 36208.2340 67647.6405 130899.70 
329799806.00    9738       3567      13305      40262      46433      86695      40172      46334      86506      43347      1.0004     1.0004     1.0005     1.0001      0.60    31410.5848 36219.1602 67629.7450 31481.1453 36296.7682 67777.9135 130899.70 
331499805.00    9884       3809      13693      40116      46191      86307      39987      45993      85980      43153      1.0003     1.0005     1.0003     1.0008      0.60    31265.3351 35952.4907 67217.8258 31366.4430 36107.5790 67474.0220 130899.70 
333199804.00    9611       3700      13311      40389      46300      86689      40389      46300      86689      86689      1.0008     1.0008     1.0009     1.0006      0.60    31580.0965 36190.3102 67770.4066 31580.0965 36190.3102 67770.4066 130899.70 
334899803.00    9698       3686      13384      40302      46314      86616      40302      46314      86616      86616      1.0005     1.0005     1.0005     1.0003      0.60    31513.0350 36203.1924 67716.2275 31513.0350 36203.1924 67716.2275 130899.70 
336599802.00    9639       3751      13390      40361      46249      86610      40361      46249      86610      86610      1.0008     1.0005     1.0008     1.0006      0.60    31559.3525 36151.9355 67711.2881 31559.3525 36151.9355 67711.2881 130899.70 
338299801.00    9919       3997      13916      40081      46003      86084      40038      45921      85959      43042      1.0005     1.0002     1.0005     1.0009      0.60    31308.8097 35899.0644 67207.8742 31342.4992 35963.1729 67305.6721 130899.70 
339999800.00    9605       3636      13241      40395      46364      86759      40395      46364      86759      86759      1.0007     1.0004     1.0008     1.0007      0.60    31583.0120 36238.7933 67821.8053 31583.0120 36238.7933 67821.8053 130899.70 
