 Timestep    Gas_A      Gas_B     Gas_tot    Dense_A    Dense_B   Dense_tot   Lc_numA    Lc_numB    Lg_clust     MCS       sigALL     sigAA      sigAB      sigBB      phiEff   Lc_area_A  Lc_area_B   lc_area   den_area_A den_area_B  den_area   Box_area 
   0.00      90000      10000      100000       0          0          0          8          3          11         0        1.0013     1.0013     1.0048     1.0079      0.60      6.2826     2.3562     8.6388     0.0000     0.0000     0.0000   130899.70 
4099999.00   62539       4683      67222      27461       5317      32778       2060       405        2465       364       1.0009     1.0009     1.0008     1.0001      0.60    1617.0854   317.9114  1934.9968  21559.1480 4173.6216  25732.7695 130899.70 
8199998.00   63762       4791      68553      26238       5209      31447       2394       469        2863       483       1.0012     1.0012     1.0008     1.0004      0.60    1879.4581   368.1477  2247.6058  20597.5943 4088.4589  24686.0532 130899.70 
12299997.00   62401       4342      66743      27599       5658      33257       2370       503        2873       536       1.0010     1.0011     1.0002     1.0000      0.60    1860.0784   394.6510  2254.7295  21665.5565 4440.6579  26106.2145 130899.70 
16399996.00   62896       4393      67289      27104       5607      32711       2382       471        2853       654       1.0007     1.0010     1.0007     1.0006      0.60    1869.6231   369.6256  2239.2487  21276.2352 4400.5750  25676.8102 130899.70 
20499995.00   64034       4649      68683      25966       5351      31317       6535       1370       7905       626       1.0008     1.0007     1.0009     1.0008      0.60    5129.2950  1075.0681  6204.3632  20382.5564 4199.4823  24582.0388 130899.70 
24599994.00   63586       4412      67998      26414       5588      32002       4505       1017       5522       666       1.0009     1.0008     1.0005     1.0004      0.60    3536.0127   798.0761  4334.0887  20733.7545 4385.2085  25118.9630 130899.70 
28699993.00   61962       4208      66170      28038       5792      33830       4398       948        5346       704       1.0007     1.0012     1.0007     1.0002      0.60    3451.7017   743.8961  4195.5978  22008.1841 4545.3335  26553.5176 130899.70 
32799992.00   63296       4353      67649      26704       5647      32351       5308       1279       6587       752       1.0006     1.0006     1.0005     1.0013      0.60    4165.4625  1003.4725  5168.9349  20960.1422 4431.5453  25391.6875 130899.70 
36899991.00   61859       4078      65937      28141       5922      34063       6932       1397       8329       920       1.0008     1.0009     1.0003     1.0004      0.60    5440.9711  1096.3064  6537.2775  22088.5419 4647.2943  26735.8363 130899.70 
40999990.00   62447       4140      66587      27553       5860      33413       5891       1239       7130       879       1.0008     1.0008     1.0008     1.0006      0.60    4624.0728   972.4047  5596.4775  21626.1393 4598.5311  26224.6704 130899.70 
45099989.00   62040       4152      66192      27960       5848      33808       6718       1469       8187       845       1.0004     1.0004     1.0006     1.0000      0.60    5271.3518  1152.4095  6423.7613  21944.1766 4588.8583  26533.0349 130899.70 
49199988.00   63456       4272      67728      26544       5728      32272       7101       1470       8571       1152      1.0008     1.0010     1.0004     1.0004      0.60    5572.6022  1153.3407  6725.9428  20831.0779 4494.1538  25325.2317 130899.70 
53299987.00   64530       4252      68782      25470       5748      31218       6195       1417       7612       1007      1.0006     1.0006     1.0004     1.0006      0.60    4860.5547  1111.3713  5971.9261  19986.4654 4509.5537  24496.0191 130899.70 
57399986.00   63741       4148      67889      26259       5852      32111       7405       1752       9157       1146      1.0005     1.0013     1.0007     1.0006      0.60    5811.0848  1374.5916  7185.6764  20607.8199 4591.6932  25199.5131 130899.70 
61499985.00   63658       4162      67820      26342       5838      32180       7564       1650       9214       1287      1.0004     1.0004     1.0008     1.0010      0.60    5934.4273  1294.3851  7228.8124  20671.0954 4580.3647  25251.4602 130899.70 
65599984.00   62458       3873      66331      27542       6127      33669      20038       4552      24590       1772      1.0008     1.0008     1.0009     1.0006      0.60    15721.9908 3570.8219  19292.8126 21612.3524 4806.8950  26419.2474 130899.70 
69699983.00   61668       3846      65514      28332       6154      34486       9729       2160      11889       1112      1.0006     1.0006     1.0007     1.0003      0.60    7632.3258  1694.1053  9326.4311  22231.7996 4827.8083  27059.6079 130899.70 
73799982.00   62933       4296      67229      27067       5704      32771      10522       2108      12630       993       1.0007     1.0007     1.0007     1.0005      0.60    8254.0205  1653.3233  9907.3438  21236.6489 4474.6444  25711.2933 130899.70 
77899981.00   63085       4187      67272      26915       5813      32728      10668       2208      12876       1168      1.0006     1.0007     1.0005     1.0006      0.60    8368.1720  1731.7430  10099.9150 21115.5620 4559.6567  25675.2186 130899.70 
81999980.00   63434       4042      67476      26566       5958      32524      10771       2739      13510       1049      1.0006     1.0006     1.0004     1.0008      0.60    8448.0253  2147.7275  10595.7529 20840.5514 4673.0383  25513.5897 130899.70 
86099979.00   63537       4114      67651      26463       5886      32349      11907       2917      14824       1406      1.0006     1.0009     1.0006     1.0009      0.60    9341.9378  2287.6823  11629.6201 20762.2734 4616.7437  25379.0171 130899.70 
90199978.00   64686       4174      68860      25314       5826      31140      11344       2866      14210       1831      1.0008     1.0008     1.0006     1.0005      0.60    8901.3454  2248.3574  11149.7028 19859.9287 4569.5777  24429.5063 130899.70 
94299977.00   63741       4038      67779      26259       5962      32221      11120       2745      13865       1534      1.0006     1.0006     1.0007     1.0004      0.60    8724.7804  2153.1923  10877.9727 20603.3422 4676.7196  25280.0618 130899.70 
98399976.00   63721       4057      67778      26279       5943      32222      10291       2321      12612       1400      1.0007     1.0005     1.0004     1.0007      0.60    8071.9025  1820.1745  9892.0771  20618.4566 4661.8346  25280.2912 130899.70 
102499975.00   65082       4266      69348      24918       5734      30652      22961       5318      28279       2786      1.0004     1.0007     1.0004     1.0003      0.60    18013.7062 4171.0640  22184.7702 19550.0475 4497.5886  24047.6361 130899.70 
106599974.00   64780       4259      69039      25220       5741      30961      13687       3259      16946       2211      1.0009     1.0009     1.0006     1.0004      0.60    10739.8276 2556.4265  13296.2541 19787.9458 4503.2939  24291.2397 130899.70 
110699973.00   63580       4120      67700      26420       5880      32300      14626       3384      18010       1538      1.0005     1.0005     1.0003     1.0007      0.60    11475.8558 2654.5145  14130.3703 20730.4466 4612.6745  25343.1211 130899.70 
114799972.00   63120       4107      67227      26880       5893      32773      21817       4639      26456       1927      1.0009     1.0008     1.0009     1.0003      0.60    17117.7275 3639.0613  20756.7888 21091.1558 4622.8763  25714.0322 130899.70 
118899971.00   63094       3984      67078      26906       6016      32922      23180       5032      28212       2194      1.0004     1.0009     1.0002     1.0002      0.60    18185.4607 3946.7196  22132.1804 21109.9473 4718.8779  25828.8251 130899.70 
122999970.00   63542       4084      67626      26458       5916      32374      23895       5273      29168       2697      1.0006     1.0006     1.0005     1.0008      0.60    18747.2067 4136.1353  22883.3420 20759.0576 4640.7598  25399.8174 130899.70 
127099969.00   62380       3868      66248      27620       6132      33752      25404       5602      31006       3750      1.0006     1.0008     1.0006     1.0003      0.60    19929.7098 4393.7784  24323.4883 21669.0614 4809.7075  26478.7689 130899.70 
131199968.00   61367       3794      65161      28633       6206      34839      26450       5779      32229       2488      1.0003     1.0003     1.0004     1.0011      0.60    20750.4210 4532.6919  25283.1128 22464.2977 4867.8716  27332.1693 130899.70 
135299967.00   60944       3685      64629      29056       6315      35371      27701       6075      33776       2720      1.0009     1.0009     1.0007     1.0010      0.60    21732.2842 4765.6067  26497.8909 22796.1453 4954.0198  27750.1651 130899.70 
139399966.00   60155       3505      63660      29845       6495      36340      16888       3684      20572       3028      1.0007     1.0007     1.0005     1.0009      0.60    13248.8625 2889.7070  16138.5695 23413.9412 5094.6379  28508.5791 130899.70 
143499965.00   61319       3566      64885      28681       6434      35115      24334       5622      29956       3901      1.0004     1.0008     1.0009     1.0006      0.60    19089.5680 4409.2206  23498.7886 22501.4071 5046.4374  27547.8445 130899.70 
147599964.00   60932       3508      64440      29068       6492      35560      15909       3400      19309       2963      1.0008     1.0008     1.0005     1.0003      0.60    12480.2482 2666.8496  15147.0978 22805.5526 5092.5097  27898.0623 130899.70 
151699963.00   60719       3564      64283      29281       6436      35717      15719       3348      19067       2551      1.0009     1.0009     1.0005     1.0005      0.60    12330.9984 2625.8909  14956.8893 22973.1893 5048.5850  28021.7743 130899.70 
155799962.00   61234       3591      64825      28766       6409      35175      27321       6179      33500       4396      1.0007     1.0007     1.0003     1.0004      0.60    21435.3885 4847.1928  26282.5813 22569.9239 5027.7539  27597.6777 130899.70 
159899961.00   60336       3414      63750      29664       6586      36250      27480       6133      33613       3295      1.0006     1.0006     1.0006     1.0008      0.60    21559.4450 4810.4756  26369.9207 23274.0603 5166.0475  28440.1078 130899.70 
163999960.00   60800       3443      64243      29200       6557      35757      27975       6359      34334       3973      1.0005     1.0005     1.0009     1.0006      0.60    21945.9295 4987.3069  26933.2364 22907.7367 5142.7556  28050.4924 130899.70 
168099959.00   60437       3396      63833      29563       6604      36167      26072       5957      32029       2782      1.0009     1.0009     1.0005     1.0005      0.60    20453.6217 4672.4502  25126.0719 23194.0151 5180.2371  28374.2522 130899.70 
172199958.00   61051       3436      64487      28949       6564      35513      27353       6303      33656       3551      1.0008     1.0008     1.0008     1.0005      0.60    21457.1778 4942.3800  26399.5579 22710.1771 5147.2598  27857.4369 130899.70 
176299957.00   60745       3333      64078      29255       6667      35922      27849       6449      34298       5131      1.0005     1.0008     1.0005     1.0006      0.60    21848.0523 5058.2165  26906.2688 22951.9559 5229.3454  28181.3013 130899.70 
180399956.00   59542       3356      62898      30458       6644      37102      27733       5955      33688       4637      1.0007     1.0007     1.0007     1.0007      0.60    21757.1871 4670.5400  26427.7271 23895.8319 5211.1780  29107.0099 130899.70 
184499955.00   59676       3411      63087      30324       6589      36913      26211       5666      31877       3076      1.0010     1.0010     1.0004     1.0004      0.60    20566.4274 4444.8648  25011.2922 23794.6157 5169.1925  28963.8082 130899.70 
188599954.00   59449       3422      62871      30551       6578      37129      15160       3209      18369       2184      1.0007     1.0007     1.0009     1.0009      0.60    11894.2589 2516.6575  14410.9164 23972.3127 5159.7690  29132.0817 130899.70 
192699953.00   60217       3676      63893      29783       6324      36107      11617       2415      14032       1900      1.0007     1.0009     1.0007     1.0007      0.60    9114.8650  1894.3772  11009.2423 23369.2563 4960.9476  28330.2039 130899.70 
196799952.00   60812       3820      64632      29188       6180      35368      11295       2418      13713       1537      1.0010     1.0009     1.0010     1.0006      0.60    8862.0405  1896.8407  10758.8812 22901.4686 4848.1753  27749.6438 130899.70 
200899951.00   60651       3883      64534      29349       6117      35466      12507       2694      15201       2216      1.0005     1.0009     1.0005     1.0005      0.60    9812.1540  2112.9562  11925.1102 23026.8263 4798.1556  27824.9819 130899.70 
204999950.00   60668       3804      64472      29332       6196      35528      25611       5396      31007       5075      1.0007     1.0007     1.0006     1.0008      0.60    20094.9713 4232.7799  24327.7512 23014.8021 4860.5174  27875.3195 130899.70 
209099949.00   60082       3531      63613      29918       6469      36387      12492       2793      15285       2599      1.0012     1.0008     1.0002     1.0012      0.60    9799.8326  2190.6239  11990.4565 23473.3916 5074.6034  28547.9950 130899.70 
213199948.00   59779       3650      63429      30221       6350      36571      26545       5598      32143       2438      1.0006     1.0007     1.0006     1.0010      0.60    20825.6013 4390.5133  25216.1147 23710.8734 4980.6663  28691.5397 130899.70 
217299947.00   59398       3491      62889      30602       6509      37111      13416       3066      16482       3711      1.0007     1.0007     1.0007     1.0002      0.60    10525.9422 2404.2998  12930.2420 24012.2774 5105.5047  29117.7821 130899.70 
221399946.00   58585       3440      62025      31415       6560      37975      28313       5921      34234       3164      1.0007     1.0006     1.0007     1.0007      0.60    22214.4750 4644.2884  26858.7634 24649.3359 5145.8101  29795.1460 130899.70 
225499945.00   58386       3468      61854      31614       6532      38146      29868       6179      36047       4238      1.0007     1.0010     1.0006     1.0006      0.60    23433.8273 4846.8162  28280.6436 24804.3139 5123.8955  29928.2094 130899.70 
229599944.00   57961       3376      61337      32039       6624      38663      31278       6467      37745       7732      1.0008     1.0006     1.0009     1.0010      0.60    24534.8909 5071.8066  29606.6975 25132.3059 5195.0439  30327.3498 130899.70 
233699943.00   57700       3308      61008      32300       6692      38992      30951       6336      37287       7798      1.0006     1.0006     1.0008     1.0010      0.60    24277.0775 4968.1242  29245.2017 25336.0409 5247.4951  30583.5361 130899.70 
237799942.00   57410       3398      60808      32590       6602      39192      30111       5998      36109       4354      1.0006     1.0009     1.0006     1.0006      0.60    23622.1097 4703.3029  28325.4126 25567.8586 5177.2683  30745.1270 130899.70 
241899941.00   57810       3395      61205      32190       6605      38795      29946       6128      36074       4310      1.0008     1.0007     1.0008     1.0009      0.60    23492.2005 4806.0067  28298.2072 25253.6223 5180.4137  30434.0360 130899.70 
245999940.00   57791       3347      61138      32209       6653      38862      30199       6222      36421       4318      1.0004     1.0006     1.0004     1.0001      0.60    23687.9267 4879.6302  28567.5569 25265.7761 5217.9000  30483.6761 130899.70 
250099939.00   56190       3266      59456      33810       6734      40544      31653       6363      38016       4054      1.0008     1.0007     1.0006     1.0006      0.60    24830.4737 4990.4604  29820.9341 26523.8498 5281.6582  31805.5080 130899.70 
254199938.00   57646       3399      61045      32354       6601      38955      18693       3575      22268       4328      1.0008     1.0008     1.0006     1.0008      0.60    14663.3442 2803.3470  17466.6912 25381.5491 5176.8105  30558.3597 130899.70 
258299937.00   57948       3394      61342      32052       6606      38658      19769       3898      23667       3221      1.0007     1.0007     1.0006     1.0001      0.60    15508.0754 3056.8514  18564.9267 25145.4008 5180.7747  30326.1755 130899.70 
262399936.00   58244       3489      61733      31756       6511      38267      19244       3826      23070       3478      1.0006     1.0006     1.0006     1.0008      0.60    15095.9648 3000.3549  18096.3197 24913.3739 5106.5014  30019.8753 130899.70 
266499935.00   58966       3497      62463      31034       6503      37537      30071       6338      36409       5362      1.0006     1.0006     1.0006     1.0004      0.60    23588.8202 4970.7315  28559.5517 24344.8956 5100.2521  29445.1476 130899.70 
270599934.00   56453       3253      59706      33547       6747      40294      28251       5598      33849       5036      1.0007     1.0007     1.0006     1.0006      0.60    22164.3204 4390.9660  26555.2864 26320.7618 5292.5392  31613.3010 130899.70 
274699933.00   57111       3359      60470      32889       6641      39530      25534       5149      30683       3593      1.0005     1.0007     1.0009     1.0002      0.60    20027.7476 4038.0887  24065.8363 25800.0392 5208.7555  31008.7947 130899.70 
278799932.00   56243       3493      59736      33757       6507      40264      27506       5241      32747       3355      1.0005     1.0005     1.0005     1.0005      0.60    21577.4887 4110.3987  25687.8874 26483.2380 5103.8270  31587.0649 130899.70 
282899931.00   56839       3436      60275      33161       6564      39725      27481       5356      32837       3310      1.0007     1.0007     1.0006     1.0000      0.60    21553.9044 4199.9739  25753.8784 26011.6504 5147.9363  31159.5867 130899.70 
286999930.00   58530       3645      62175      31470       6355      37825      27328       5546      32874       2521      1.0006     1.0006     1.0005     0.9999      0.60    21434.2075 4348.8938  25783.1014 24685.5114 4983.8819  29669.3934 130899.70 
291099929.00   58792       3691      62483      31208       6309      37517      28417       5798      34215       3126      1.0008     1.0008     1.0004     1.0004      0.60    22286.6507 4545.3624  26832.0131 24477.5230 4946.4707  29423.9937 130899.70 
295199928.00   59223       3679      62902      30777       6321      37098      29332       6058      35390       3709      1.0005     1.0009     1.0007     1.0005      0.60    23010.0072 4751.0353  27761.0424 24144.3766 4957.4411  29101.8177 130899.70 
299299927.00   58450       3523      61973      31550       6477      38027      29463       5976      35439       7605      1.0005     1.0007     1.0006     1.0004      0.60    23110.5132 4686.1543  27796.6675 24748.3772 5079.3081  29827.6853 130899.70 
303399926.00   57335       3239      60574      32665       6761      39426      31140       6434      37574       7885      1.0005     1.0005     1.0004     1.0005      0.60    24429.9286 5046.2722  29476.2008 25626.9417 5302.9288  30929.8705 130899.70 
307499925.00   57911       3265      61176      32089       6735      38824      29421       6147      35568       3529      1.0005     1.0005     1.0010     1.0004      0.60    23077.0970 4819.8912  27896.9882 25171.4878 5281.4243  30452.9121 130899.70 
311599924.00   58475       3419      61894      31525       6581      38106      30024       6341      36365       3810      1.0007     1.0007     1.0007     1.0008      0.60    23550.0662 4973.0767  28523.1429 24728.5350 5161.4553  29889.9903 130899.70 
315699923.00   58413       3309      61722      31587       6691      38278      30104       6443      36547       3189      1.0005     1.0007     1.0005     1.0005      0.60    23613.7716 5052.3553  28666.1269 24778.1369 5247.0291  30025.1659 130899.70 
319799922.00   58505       3322      61827      31495       6678      38173      30623       6536      37159       5453      1.0005     1.0005     1.0005     1.0004      0.60    24021.6919 5125.8232  29147.5151 24706.3195 5237.2766  29943.5961 130899.70 
323899921.00   57499       3132      60631      32501       6868      39369      32027       6782      38809       9842      1.0007     1.0007     1.0007     1.0002      0.60    25122.6911 5318.4557  30441.1468 25494.8147 5385.9667  30880.7814 130899.70 
327999920.00   57127       3087      60214      32873       6913      39786      32497       6855      39352       9946      1.0005     1.0005     1.0005     1.0003      0.60    25492.3587 5375.8275  30868.1861 25787.5922 5421.3576  31208.9499 130899.70 
332099919.00   57047       3114      60161      32953       6886      39839      32852       6874      39726      19919      1.0006     1.0006     1.0006     1.0004      0.60    25763.3711 5389.3911  31152.7622 25842.6767 5398.8100  31241.4866 130899.70 
336199918.00   56716       3015      59731      33284       6985      40269      31896       6777      38673       4026      1.0008     1.0008     1.0003     1.0003      0.60    25020.5861 5314.5014  30335.0875 26110.4355 5477.7875  31588.2230 130899.70 
340299917.00   56962       3113      60075      33038       6887      39925      29957       6247      36204       3629      1.0007     1.0007     1.0007     1.0003      0.60    23498.5831 4899.0868  28397.6700 25917.1365 5401.3422  31318.4787 130899.70 
344399916.00   58954       3478      62432      31046       6522      37568      29719       6229      35948       3756      1.0007     1.0009     1.0004     1.0006      0.60    23313.8235 4885.1884  28199.0119 24355.6366 5115.1928  29470.8294 130899.70 
348499915.00   59450       3608      63058      30550       6392      36942      29825       6267      36092       5277      1.0007     1.0007     1.0007     1.0007      0.60    23393.1032 4914.2498  28307.3530 23962.3779 5012.3740  28974.7520 130899.70 
352599914.00   58489       3340      61829      31511       6660      38171      30640       6521      37161       4241      1.0009     1.0009     1.0006     1.0004      0.60    24038.3905 5114.9806  29153.3711 24722.2585 5224.0859  29946.3445 130899.70 
356699913.00   59290       3566      62856      30710       6434      37144      30044       6327      36371       6190      1.0008     1.0008     1.0008     1.0004      0.60    23569.7866 4962.6577  28532.4443 24092.6994 5046.6567  29139.3562 130899.70 
360799912.00   58457       3373      61830      31543       6627      38170      30628       6485      37113       5452      1.0005     1.0005     1.0005     1.0003      0.60    24024.0720 5085.5385  29109.6104 24742.4471 5197.0146  29939.4617 130899.70 
364899911.00   58524       3467      61991      31476       6533      38009      30383       6311      36694       6334      1.0006     1.0006     1.0004     1.0004      0.60    23835.5016 4949.1606  28784.6622 24693.5247 5123.4133  29816.9381 130899.70 
368999910.00   59057       3535      62592      30943       6465      37408      29273       6215      35488       3740      1.0005     1.0005     1.0006     1.0004      0.60    22966.3992 4874.7276  27841.1268 24277.6147 5071.0013  29348.6160 130899.70 
373099909.00   59922       3624      63546      30078       6376      36454      29279       6254      35533       5207      1.0009     1.0009     1.0005     1.0005      0.60    22969.1789 4904.4378  27873.6168 23596.5180 5000.2063  28596.7244 130899.70 
377199908.00   59793       3570      63363      30207       6430      36637      28608       6177      34785       3330      1.0005     1.0005     1.0004     1.0003      0.60    22441.3843 4844.4225  27285.8068 23696.8162 5043.0323  28739.8485 130899.70 
381299907.00   59217       3439      62656      30783       6561      37344      29911       6402      36313       4149      1.0006     1.0006     1.0009     1.0001      0.60    23463.4593 5020.7208  28484.1801 24148.1144 5145.5453  29293.6596 130899.70 
385399906.00   58902       3338      62240      31098       6662      37760      30347       6536      36883       4720      1.0006     1.0005     1.0006     1.0004      0.60    23802.6230 5125.1653  28927.7883 24392.2849 5224.0841  29616.3690 130899.70 
389499905.00   59468       3491      62959      30532       6509      37041      28824       6160      34984       4630      1.0006     1.0006     1.0004     1.0005      0.60    22609.3332 4830.6693  27440.0025 23950.1189 5104.5972  29054.7161 130899.70 
393599904.00   58773       3350      62123      31227       6650      37877      30047       6395      36442       6312      1.0005     1.0005     1.0004     1.0006      0.60    23568.7970 5013.7551  28582.5521 24495.0526 5213.8767  29708.9293 130899.70 
397699903.00   57951       3408      61359      32049       6592      38641      29065       6053      35118       3864      1.0005     1.0005     1.0005     1.0007      0.60    22800.9869 4746.9691  27547.9561 25143.6279 5170.0314  30313.6594 130899.70 
401799902.00   58528       3610      62138      31472       6390      37862      28281       5837      34118       3155      1.0006     1.0005     1.0004     1.0007      0.60    22185.5629 4577.4127  26762.9756 24690.6932 5011.5120  29702.2051 130899.70 
405899901.00   58842       3620      62462      31158       6380      37538      28344       5927      34271       2681      1.0007     1.0005     1.0010     1.0004      0.60    22232.3653 4647.2406  26879.6059 24441.6799 5002.8556  29444.5355 130899.70 
409999900.00   58768       3556      62324      31232       6444      37676      28901       6073      34974       2216      1.0008     1.0008     1.0008     1.0007      0.60    22670.6925 4762.8005  27433.4930 24500.8157 5054.0388  29554.8545 130899.70 
414099899.00   58185       3425      61610      31815       6575      38390      26107       5370      31477       2742      1.0006     1.0006     1.0006     1.0005      0.60    20478.1427 4211.4805  24689.6232 24958.4047 5157.0713  30115.4760 130899.70 
418199898.00   58383       3411      61794      31617       6589      38206      29096       6178      35274       2547      1.0005     1.0005     1.0003     1.0003      0.60    22822.0079 4845.2372  27667.2451 24801.3758 5167.9112  29969.2870 130899.70 
422299897.00   59582       3609      63191      30418       6391      36809      28750       5954      34704       6134      1.0005     1.0009     1.0006     1.0005      0.60    22550.9442 4668.8309  27219.7752 23860.0212 5011.7580  28871.7792 130899.70 
426399896.00   59108       3503      62611      30892       6497      37389      21484       4250      25734       3738      1.0005     1.0005     1.0008     1.0003      0.60    16850.3034 3332.1663  20182.4697 24232.4158 5094.7672  29327.1830 130899.70 
430499895.00   59322       3554      62876      30678       6446      37124      28146       5910      34056       2855      1.0006     1.0011     1.0008     1.0001      0.60    22081.3712 4635.3268  26716.6980 24069.1765 5056.0511  29125.2276 130899.70 
434599894.00   60081       3663      63744      29919       6337      36256      21018       4233      25251       2266      1.0006     1.0006     1.0009     1.0011      0.60    16489.7931 3320.3268  19810.1199 23473.9543 4970.5434  28444.4977 130899.70 
438699893.00   59504       3702      63206      30496       6298      36794      18509       3584      22093       2299      1.0004     1.0004     1.0007     1.0000      0.60    14518.2655 2810.2167  17328.4822 23924.7725 4939.4930  28864.2655 130899.70 
442799892.00   59804       3779      63583      30196       6221      36417      18213       3586      21799       1583      1.0009     1.0009     1.0006     1.0002      0.60    14288.5167 2812.6008  17101.1175 23692.6238 4880.3271  28572.9509 130899.70 
446899891.00   61551       4174      65725      28449       5826      34275      19122       3798      22920       1490      1.0009     1.0009     1.0005     1.0002      0.60    15000.5724 2978.3798  17978.9522 22320.9147 4569.7413  26890.6560 130899.70 
450999890.00   61018       4080      65098      28982       5920      34902      19017       3835      22852       1342      1.0009     1.0009     1.0005     1.0002      0.60    14918.2392 3007.7703  17926.0096 22739.0075 4643.8214  27382.8289 130899.70 
455099889.00   61151       4136      65287      28849       5864      34713      20315       4054      24369       2041      1.0010     1.0010     1.0003     1.0008      0.60    15935.6144 3179.3922  19115.0066 22632.9322 4599.6408  27232.5730 130899.70 
459199888.00   60903       4027      64930      29097       5973      35070      20930       4154      25084       1753      1.0007     1.0007     1.0006     1.0005      0.60    16417.6225 3257.6917  19675.3142 22827.2395 4685.0260  27512.2655 130899.70 
463299887.00   60775       4017      64792      29225       5983      35208      21022       4215      25237       1530      1.0006     1.0006     1.0005     1.0003      0.60    16491.1090 3305.8473  19796.9563 22929.3633 4693.2888  27622.6521 130899.70 
467399886.00   60941       4155      65096      29059       5845      34904      21808       4316      26124       1517      1.0005     1.0005     1.0005     1.0007      0.60    17105.0339 3384.9247  20489.9586 22795.7718 4584.6944  27380.4662 130899.70 
471499885.00   61430       4283      65713      28570       5717      34287      24195       4820      29015       2857      1.0007     1.0004     1.0007     1.0007      0.60    18978.7787 3780.0144  22758.7931 22412.5638 4483.9209  26896.4847 130899.70 
475599884.00   60554       4086      64640      29446       5914      35360      24782       4891      29673       1964      1.0008     1.0008     1.0007     1.0006      0.60    19439.4978 3835.4577  23274.9555 23100.1558 4638.2811  27738.4370 130899.70 
479699883.00   59977       3965      63942      30023       6035      36058      25265       5067      30332       1897      1.0009     1.0009     1.0005     1.0007      0.60    19818.6315 3973.9777  23792.6092 23553.3402 4733.6795  28287.0196 130899.70 
483799882.00   60771       4004      64775      29229       5996      35225      21591       4479      26070       2072      1.0008     1.0006     1.0012     1.0007      0.60    16936.8612 3513.0341  20449.8953 22931.0483 4703.3922  27634.4405 130899.70 
487899881.00   60248       4026      64274      29752       5974      35726      26707       5419      32126       2551      1.0009     1.0009     1.0006     1.0009      0.60    20951.2685 4250.3692  25201.6377 23341.7244 4685.9632  28027.6876 130899.70 
491999880.00   61084       4035      65119      28916       5965      34881      23497       4771      28268       2683      1.0006     1.0010     1.0006     1.0003      0.60    18431.8997 3741.8154  22173.7151 22684.9937 4678.6510  27363.6446 130899.70 
496099879.00   60344       3930      64274      29656       6070      35726      28414       5869      34283       3572      1.0008     1.0008     1.0004     1.0002      0.60    22288.2171 4602.4892  26890.7064 23263.3850 4760.2709  28023.6558 130899.70 
500199878.00   60674       3851      64525      29326       6149      35475      28047       5921      33968       2956      1.0007     1.0007     1.0009     1.0000      0.60    22000.0858 4643.5178  26643.6036 23004.3278 4822.5128  27826.8406 130899.70 
504299877.00   60369       3788      64157      29631       6212      35843      27079       5775      32854       2757      1.0007     1.0008     1.0006     1.0004      0.60    21242.0081 4529.6027  25771.6108 23245.6105 4872.6211  28118.2316 130899.70 
508399876.00   60631       3781      64412      29369       6219      35588      27784       5950      33734       2965      1.0008     1.0011     1.0007     1.0009      0.60    21796.0200 4666.4644  26462.4844 23040.4478 4877.6497  27918.0975 130899.70 
512499875.00   60704       3786      64490      29296       6214      35510      27071       5829      32900       2731      1.0006     1.0006     1.0006     1.0006      0.60    21238.2192 4572.0726  25810.2918 22985.1078 4874.2729  27859.3807 130899.70 
516599874.00   60973       3751      64724      29027       6249      35276      27480       6023      33503       3527      1.0007     1.0005     1.0007     1.0009      0.60    21556.8752 4723.4200  26280.2952 22771.5170 4900.8282  27672.3452 130899.70 
520699873.00   61310       3663      64973      28690       6337      35027      27323       6106      33429       2694      1.0005     1.0005     1.0007     1.0003      0.60    21431.9252 4788.2861  26220.2113 22505.2189 4969.6281  27474.8471 130899.70 
524799872.00   61782       3778      65560      28218       6222      34440      28016       6185      34201      11480      1.0008     1.0008     1.0002     0.9999      0.60    21977.1934 4850.6410  26827.8344 22135.8162 4879.6875  27015.5037 130899.70 
528899871.00   60845       3588      64433      29155       6412      35567      28158       6252      34410       3951      1.0008     1.0008     1.0007     1.0005      0.60    22089.4265 4903.9407  26993.3671 22872.2634 5029.5435  27901.8069 130899.70 
532999870.00   61118       3617      64735      28882       6383      35265      26679       5991      32670       2712      1.0009     1.0009     1.0007     1.0003      0.60    20928.4169 4698.5637  25626.9806 22658.0406 5006.2585  27664.2991 130899.70 
537099869.00   60372       3567      63939      29628       6433      36061      27397       5979      33376       2404      1.0007     1.0007     1.0005     1.0005      0.60    21494.6330 4689.9321  26184.5651 23246.1282 5046.3015  28292.4297 130899.70 
541199868.00   60506       3627      64133      29494       6373      35867      27345       6015      33360       2561      1.0006     1.0008     1.0004     1.0002      0.60    21451.8337 4717.7080  26169.5417 23139.1001 4998.7242  28137.8242 130899.70 
545299867.00   60772       3698      64470      29228       6302      35530      27764       6006      33770       3230      1.0005     1.0005     1.0005     1.0004      0.60    21780.4905 4710.2331  26490.7236 22929.9358 4942.5772  27872.5131 130899.70 
549399866.00   60571       3625      64196      29429       6375      35804      28276       6185      34461       4475      1.0009     1.0009     1.0007     1.0003      0.60    22182.3553 4850.9441  27033.2995 23087.5946 5000.1015  28087.6961 130899.70 
553499865.00   60712       3670      64382      29288       6330      35618      26584       5880      32464       2739      1.0009     1.0009     1.0004     1.0001      0.60    20853.6999 4611.5255  25465.2254 22976.5522 4964.7573  27941.3095 130899.70 
557599864.00   61788       3809      65597      28212       6191      34403      26128       5871      31999       2866      1.0006     1.0006     1.0005     1.0005      0.60    20494.5701 4603.7700  25098.3401 22130.8223 4854.9853  26985.8076 130899.70 
561699863.00   61901       3653      65554      28099       6347      34446      26758       6132      32890       4305      1.0004     1.0008     1.0004     1.0002      0.60    20988.6709 4808.3890  25797.0599 22041.5782 4977.1633  27018.7415 130899.70 
565799862.00   60754       3472      64226      29246       6528      35774      27945       6295      34240       3577      1.0006     1.0006     1.0003     1.0000      0.60    21921.2499 4936.4801  26857.7299 22942.7092 5119.3948  28062.1040 130899.70 
569899861.00   61006       3493      64499      28994       6507      35501      28084       6347      34431       5071      1.0009     1.0009     1.0004     1.0005      0.60    22032.3655 4977.6963  27010.0618 22746.8833 5103.2972  27850.1805 130899.70 
573999860.00   60381       3344      63725      29619       6656      36275      28546       6505      35051       3627      1.0007     1.0007     1.0006     1.0001      0.60    22395.5891 5102.2456  27497.8347 23238.0598 5220.7869  28458.8467 130899.70 
578099859.00   60496       3494      63990      29504       6506      36010      24802       5628      30430       4501      1.0006     1.0006     1.0011     1.0000      0.60    19456.4911 4414.3083  23870.7994 23147.2265 5103.3633  28250.5898 130899.70 
582199858.00   61116       3569      64685      28884       6431      35315      25691       5781      31472       5045      1.0006     1.0006     1.0005     1.0006      0.60    20155.6645 4534.3290  24689.9934 22661.7573 5044.4116  27706.1689 130899.70 
586299857.00   61264       3597      64861      28736       6403      35139      25175       5704      30879       2509      1.0008     1.0005     1.0008     1.0005      0.60    19748.8435 4473.2532  24222.0966 22544.3092 5021.8544  27566.1636 130899.70 
590399856.00   61486       3572      65058      28514       6428      34942      22921       5433      28354       2183      1.0007     1.0007     1.0009     1.0006      0.60    17979.3054 4260.3898  22239.6952 22370.0617 5041.3386  27411.4003 130899.70 
594499855.00   61679       3506      65185      28321       6494      34815      23917       5673      29590       2321      1.0007     1.0007     1.0005     1.0006      0.60    18760.9934 4449.1608  23210.1542 22218.1105 5093.5779  27311.6884 130899.70 
598599854.00   62022       3510      65532      27978       6490      34468      24308       5823      30131       4308      1.0006     1.0006     1.0008     1.0005      0.60    19069.4832 4567.3387  23636.8219 21950.4325 5090.8492  27041.2817 130899.70 
602699853.00   60408       3588      63996      29592       6412      36004      18940       4288      23228       3273      1.0007     1.0007     1.0006     1.0004      0.60    14857.8938 3363.2930  18221.1868 23216.7295 5029.2830  28246.0125 130899.70 
606799852.00   61967       3735      65702      28033       6265      34298      16057       3710      19767       2286      1.0006     1.0006     1.0004     1.0006      0.60    12596.6891 2910.0718  15506.7608 21994.3543 4914.5602  26908.9146 130899.70 
610899851.00   59130       3481      62611      30870       6519      37389      16030       3750      19780       1289      1.0006     1.0009     1.0007     1.0006      0.60    12573.6766 2941.1597  15514.8363 24221.2935 5114.0505  29335.3440 130899.70 
614999850.00   61197       3731      64928      28803       6269      35072      16535       3859      20394       1524      1.0006     1.0010     1.0006     1.0007      0.60    12973.3026 3027.0195  16000.3220 22601.9140 4918.1516  27520.0656 130899.70 
619099849.00   62196       4075      66271      27804       5925      33729      16245       3776      20021       2248      1.0011     1.0006     1.0011     1.0009      0.60    12744.3711 2961.6238  15705.9949 21816.2087 4647.8191  26464.0278 130899.70 
623199848.00   61678       3807      65485      28322       6193      34515      16489       3808      20297       1816      1.0007     1.0007     1.0006     1.0004      0.60    12934.9547 2986.6501  15921.6048 22220.2668 4857.5020  27077.7687 130899.70 
627299847.00   61072       3554      64626      28928       6446      35374      16437       3842      20279       2526      1.0008     1.0008     1.0008     1.0006      0.60    12894.7277 3013.4425  15908.1702 22697.2168 5056.5704  27753.7873 130899.70 
631399846.00   60106       3495      63601      29894       6505      36399      16341       3813      20154       2022      1.0008     1.0008     1.0009     1.0006      0.60    12817.9423 2989.8241  15807.7663 23453.8563 5101.8824  28555.7387 130899.70 
635499845.00   59096       3434      62530      30904       6566      37470      27209       5886      33095       2081      1.0007     1.0007     1.0010     1.0009      0.60    21348.1625 4616.8355  25964.9980 24248.8354 5150.5736  29399.4090 130899.70 
639599844.00   59010       3334      62344      30990       6666      37656      13432       3145      16577       2092      1.0006     1.0007     1.0006     1.0006      0.60    10538.9045 2467.0615  13005.9660 24317.1878 5229.5404  29546.7282 130899.70 
643699843.00   58234       3357      61591      31766       6643      38409      12828       2985      15813       1920      1.0007     1.0007     1.0006     1.0005      0.60    10063.4887 2341.2122  12404.7009 24925.1966 5211.3583  30136.5549 130899.70 
647799842.00   59018       3524      62542      30982       6476      37458      23663       5065      28728       1971      1.0006     1.0009     1.0006     1.0007      0.60    18563.7809 3972.9044  22536.6853 24308.6537 5080.2266  29388.8803 130899.70 
651899841.00   58522       3514      62036      31478       6486      37964      25489       5324      30813       2920      1.0007     1.0007     1.0007     1.0002      0.60    19995.1096 4175.7118  24170.8214 24695.2957 5087.3911  29782.6868 130899.70 
655999840.00   59283       3545      62828      30717       6455      37172      25695       5378      31073       5310      1.0005     1.0010     1.0006     1.0007      0.60    20157.7559 4217.9940  24375.7499 24098.2391 5063.0319  29161.2710 130899.70 
660099839.00   58921       3308      62229      31079       6692      37771      26178       5628      31806       3777      1.0007     1.0007     1.0004     1.0009      0.60    20538.0742 4414.2684  24952.3426 24383.6886 5248.9334  29632.6220 130899.70 
664199838.00   59387       3347      62734      30613       6653      37266      20347       4104      24451       6211      1.0006     1.0006     1.0004     1.0011      0.60    15964.0891 3219.0141  19183.1032 24019.4152 5218.5859  29238.0011 130899.70 
668299837.00   59468       3375      62843      30532       6625      37157      20216       4105      24321       2858      1.0009     1.0009     1.0004     1.0006      0.60    15860.0448 3220.0340  19080.0787 23955.7939 5197.2122  29153.0060 130899.70 
672399836.00   58868       3327      62195      31132       6673      37805      20049       4178      24227       1989      1.0008     1.0008     1.0006     1.0007      0.60    15725.7019 3276.4693  19002.1712 24424.1436 5234.3071  29658.4507 130899.70 
676499835.00   59313       3382      62695      30687       6618      37305      22490       4749      27239       1865      1.0005     1.0005     1.0007     1.0002      0.60    17644.9773 3725.2043  21370.1816 24078.6226 5191.7475  29270.3701 130899.70 
680599834.00   59525       3673      63198      30475       6327      36802      21522       4497      26019       1472      1.0006     1.0006     1.0006     1.0002      0.60    16883.7392 3526.9575  20410.6967 23911.2562 4963.0721  28874.3283 130899.70 
684699833.00   59382       3642      63024      30618       6358      36976      25570       5154      30724       3361      1.0010     1.0010     1.0003     1.0003      0.60    20061.1322 4042.9353  24104.0675 24022.8947 4987.5313  29010.4261 130899.70 
688799832.00   59074       3586      62660      30926       6414      37340      26827       5558      32385       2872      1.0008     1.0008     1.0004     1.0009      0.60    21046.1983 4359.5611  25405.7593 24263.4316 5031.3150  29294.7466 130899.70 
692899831.00   58542       3578      62120      31458       6422      37880      28062       5626      33688       3443      1.0007     1.0009     1.0010     1.0003      0.60    22016.7105 4413.0377  26429.7482 24682.4059 5037.7111  29720.1170 130899.70 
696999830.00   58504       3582      62086      31496       6418      37914      27633       5574      33207       2916      1.0007     1.0007     1.0008     1.0007      0.60    21679.8377 4372.5012  26052.3389 24712.0040 5034.9299  29746.9339 130899.70 
701099829.00   59290       3620      62910      30710       6380      37090      28466       5922      34388       3090      1.0007     1.0009     1.0006     1.0004      0.60    22334.1313 4645.1214  26979.2527 24095.8356 5004.6262  29100.4618 130899.70 
705199828.00   59312       3592      62904      30688       6408      37096      29226       6161      35387       4637      1.0005     1.0005     1.0005     1.0006      0.60    22928.6923 4832.1794  27760.8718 24076.5223 5026.0486  29102.5709 130899.70 
709299827.00   59595       3525      63120      30405       6475      36880      29429       6277      35706       5268      1.0008     1.0008     1.0006     1.0003      0.60    23083.0964 4922.4432  28005.5396 23849.3589 5077.8564  28927.2153 130899.70 
713399826.00   60425       3518      63943      29575       6482      36057      29048       6391      35439       7211      1.0007     1.0007     1.0002     1.0011      0.60    22787.8611 5012.4732  27800.3343 23201.6310 5083.9066  28285.5376 130899.70 
717499825.00   59710       3469      63179      30290       6531      36821      29036       6310      35346       4091      1.0007     1.0008     1.0007     1.0007      0.60    22777.7373 4948.5696  27726.3070 23762.2980 5122.0389  28884.3369 130899.70 
721599824.00   59233       3520      62753      30767       6480      37247      29952       6345      36297       4655      1.0007     1.0007     1.0009     1.0006      0.60    23492.7582 4975.5729  28468.3311 24132.6689 5081.5409  29214.2097 130899.70 
725699823.00   59171       3413      62584      30829       6587      37416      30149       6469      36618       6236      1.0008     1.0008     1.0007     1.0004      0.60    23649.0631 5072.8496  28721.9128 24182.9540 5165.4503  29348.4043 130899.70 
729799822.00   58916       3362      62278      31084       6638      37722      30739       6575      37314       9430      1.0007     1.0007     1.0006     1.0011      0.60    24109.5889 5155.3504  29264.9393 24380.4772 5204.8003  29585.2775 130899.70 
733899821.00   58863       3339      62202      31137       6661      37798      30496       6559      37055       6299      1.0005     1.0005     1.0003     1.0001      0.60    23919.2911 5143.2876  29062.5787 24422.6052 5223.3652  29645.9705 130899.70 
737999820.00   58403       3264      61667      31597       6736      38333      30862       6605      37467       7666      1.0005     1.0009     1.0004     1.0003      0.60    24204.9264 5178.6373  29383.5637 24781.9365 5281.4736  30063.4101 130899.70 
742099819.00   58965       3289      62254      31035       6711      37746      30133       6568      36701       5392      1.0007     1.0007     1.0004     1.0000      0.60    23636.9164 5150.7579  28787.6743 24345.1316 5263.0220  29608.1535 130899.70 
746199818.00   59107       3515      62622      30893       6485      37378      29841       6316      36157       4672      1.0008     1.0008     1.0006     1.0003      0.60    23403.4233 4952.6996  28356.1229 24229.3655 5085.3622  29314.7276 130899.70 
750299817.00   59195       3532      62727      30805       6468      37273      30166       6363      36529       7454      1.0006     1.0006     1.0006     1.0000      0.60    23662.5007 4989.8729  28652.3737 24164.2229 5072.2688  29236.4917 130899.70 
754399816.00   56934       3277      60211      33066       6723      39789      28959       5828      34787       4973      1.0006     1.0010     1.0006     1.0005      0.60    22716.4412 4570.6265  27287.0677 25939.8211 5272.9487  31212.7698 130899.70 
758499815.00   57681       3457      61138      32319       6543      38862      29335       6006      35341       6477      1.0006     1.0007     1.0006     1.0005      0.60    23011.0317 4710.0731  27721.1048 25353.4687 5131.5117  30484.9804 130899.70 
762599814.00   57135       3370      60505      32865       6630      39495      29105       5661      34766       4936      1.0008     1.0008     1.0007     1.0003      0.60    22830.9898 4439.2794  27270.2692 25781.1081 5199.3244  30980.4325 130899.70 
766699813.00   57093       3284      60377      32907       6716      39623      28725       5637      34362       6603      1.0007     1.0008     1.0010     0.9999      0.60    22531.4317 4420.3490  26951.7807 25813.0359 5266.8058  31079.8417 130899.70 
770799812.00   57065       3405      60470      32935       6595      39530      31581       6331      37912       5647      1.0006     1.0007     1.0005     1.0007      0.60    24772.1012 4964.9110  29737.0122 25834.9710 5172.1186  31007.0896 130899.70 
774899811.00   58676       3591      62267      31324       6409      37733      25284       4919      30203       4716      1.0005     1.0005     1.0005     1.0004      0.60    19828.3714 3856.9457  23685.3172 24568.5700 5025.9987  29594.5686 130899.70 
778999810.00   58023       3645      61668      31977       6355      38332      28835       5581      34416       2395      1.0008     1.0008     1.0005     1.0006      0.60    22616.2051 4377.0261  26993.2312 25082.5459 4984.3748  30066.9207 130899.70 
783099809.00   59193       3919      63112      30807       6081      36888      26668       5207      31875       2837      1.0007     1.0007     1.0005     1.0008      0.60    20917.8771 4083.5355  25001.4126 24166.8773 4769.4460  28936.3233 130899.70 
787199808.00   58278       3649      61927      31722       6351      38073      29241       5899      35140       5439      1.0007     1.0007     1.0011     1.0002      0.60    22934.1531 4625.8172  27559.9703 24881.5797 4980.5506  29862.1303 130899.70 
791299807.00   58605       3647      62252      31395       6353      37748      28416       5804      34220       5392      1.0005     1.0005     1.0007     1.0009      0.60    22287.2811 4551.5234  26838.8045 24625.7443 4982.3802  29608.1245 130899.70 
795399806.00   59709       3703      63412      30291       6297      36588      27976       5854      33830       4065      1.0007     1.0005     1.0007     1.0004      0.60    21944.7468 4590.9005  26535.6473 23762.0403 4938.6126  28700.6529 130899.70 
799499805.00   59994       3773      63767      30006       6227      36233      27508       5777      33285       3623      1.0007     1.0007     1.0006     1.0002      0.60    21578.6031 4530.9199  26109.5230 23539.5696 4884.1157  28423.6853 130899.70 
803599804.00   59284       3588      62872      30716       6412      37128      28297       5952      34249       2856      1.0006     1.0006     1.0009     1.0001      0.60    22192.0688 4666.7867  26858.8556 24091.1563 5027.8497  29119.0060 130899.70 
807699803.00   60179       3626      63805      29821       6374      36195      27610       5994      33604       6032      1.0006     1.0006     1.0006     1.0005      0.60    21656.0396 4700.2072  26356.2468 23391.8104 4998.4933  28390.3037 130899.70 
811799802.00   59685       3446      63131      30315       6554      36869      28040       5941      33981       5267      1.0004     1.0004     1.0004     1.0006      0.60    21994.0910 4659.2166  26653.3076 23779.7735 5140.0931  28919.8666 130899.70 
815899801.00   59492       3544      63036      30508       6456      36964      26706       5711      32417       2464      1.0006     1.0006     1.0006     1.0003      0.60    20946.0658 4478.3403  25424.4060 23930.9110 5063.1619  28994.0729 130899.70 
819999800.00   61002       3684      64686      28998       6316      35314      27818       6017      33835       5044      1.0006     1.0006     1.0004     1.0003      0.60    21817.5860 4718.3068  26535.8928 22743.8281 4952.9671  27696.7952 130899.70 
824099799.00   61301       3878      65179      28699       6122      34821      24743       5274      30017       2678      1.0008     1.0008     1.0005     1.0006      0.60    19408.0545 4135.3096  23543.3640 22512.9779 4800.7959  27313.7738 130899.70 
828199798.00   61224       3876      65100      28776       6124      34900      25330       5441      30771       3490      1.0008     1.0008     1.0003     1.0005      0.60    19867.4817 4266.8894  24134.3711 22572.4062 4802.9393  27375.3456 130899.70 
832299797.00   61742       4042      65784      28258       5958      34216      26946       5737      32683       3421      1.0008     1.0005     1.0008     1.0009      0.60    21135.0032 4498.7799  25633.7831 22165.0974 4672.2875  26837.3849 130899.70 
836399796.00   61626       3984      65610      28374       6016      34390      27030       5791      32821       2865      1.0006     1.0006     1.0004     1.0004      0.60    21202.2290 4541.3729  25743.6019 22257.5113 4718.0204  26975.5318 130899.70 
840499795.00   62269       3935      66204      27731       6065      33796      27458       6018      33476      16898      1.0006     1.0006     1.0008     1.0004      0.60    21535.5658 4718.9385  26254.5044 21749.9043 4755.8370  26505.7413 130899.70 
844599794.00   61714       3760      65474      28286       6240      34526      27061       6024      33085       3138      1.0005     1.0005     1.0006     1.0004      0.60    21223.6586 4724.2648  25947.9234 22185.5262 4893.8246  27079.3508 130899.70 
848699793.00   62422       3735      66157      27578       6265      33843      26110       5999      32109       3760      1.0004     1.0005     1.0006     1.0009      0.60    20480.4000 4704.7019  25185.1019 21632.9811 4913.4964  26546.4775 130899.70 
852799792.00   62387       3753      66140      27613       6247      33860      25790       5902      31692       4232      1.0009     1.0009     1.0004     1.0002      0.60    20232.2352 4628.9557  24861.1909 21663.3886 4899.7444  26563.1330 130899.70 
856899791.00   62071       3788      65859      27929       6212      34141      25621       5818      31439       2438      1.0007     1.0007     1.0006     1.0007      0.60    20097.4767 4563.0642  24660.5409 21909.5650 4872.3590  26781.9240 130899.70 
860999790.00   63110       3914      67024      26890       6086      32976      25533       5851      31384       3297      1.0008     1.0008     1.0006     1.0004      0.60    20030.0150 4588.8468  24618.8618 21095.4462 4773.3379  25868.7841 130899.70 
865099789.00   63584       3924      67508      26416       6076      32492      24615       5742      30357       2166      1.0006     1.0006     1.0007     1.0006      0.60    19309.5739 4503.4286  23813.0025 20723.6465 4765.6381  25489.2846 130899.70 
869199788.00   63732       3956      67688      26268       6044      32312      24574       5726      30300       2154      1.0004     1.0004     1.0008     1.0003      0.60    19276.0727 4490.3877  23766.4604 20606.1019 4740.0338  25346.1357 130899.70 
873299787.00   63736       3857      67593      26264       6143      32407      25293       5973      31266       3600      1.0004     1.0007     1.0004     1.0004      0.60    19837.5533 4683.4466  24520.9999 20599.9195 4816.8858  25416.8052 130899.70 
877399786.00   62849       3617      66466      27151       6383      33534      26399       6240      32639       4790      1.0007     1.0005     1.0007     1.0006      0.60    20706.6981 4893.4404  25600.1386 21297.1229 5005.7058  26302.8287 130899.70 
881499785.00   62722       3588      66310      27278       6412      33690      26491       6294      32785       5615      1.0005     1.0009     1.0003     1.0004      0.60    20780.3347 4935.6888  25716.0235 21398.2318 5028.3289  26426.5607 130899.70 
885599784.00   61936       3525      65461      28064       6475      34539      26838       6281      33119       3453      1.0008     1.0008     1.0008     1.0004      0.60    21054.8880 4926.3439  25981.2319 22017.4429 5078.6425  27096.0855 130899.70 
889699783.00   61456       3411      64867      28544       6589      35133      28172       6524      34696       8783      1.0007     1.0007     1.0005     1.0003      0.60    22102.4242 5117.0878  27219.5120 22394.4956 5168.1175  27562.6131 130899.70 
893799782.00   61163       3357      64520      28837       6643      35480      24964       5919      30883       2729      1.0006     1.0010     1.0006     1.0000      0.60    19584.7600 4641.7359  24226.4959 22625.0498 5209.9917  27835.0414 130899.70 
897899781.00   61941       3473      65414      28059       6527      34586      24836       5889      30725       3458      1.0007     1.0009     1.0007     1.0003      0.60    19484.8462 4618.5321  24103.3784 22014.9097 5119.2733  27134.1830 130899.70 
901999780.00   62215       3480      65695      27785       6520      34305      23918       5806      29724       2287      1.0007     1.0007     1.0004     1.0003      0.60    18763.3522 4552.8846  23316.2368 21799.1058 5113.2265  26912.3323 130899.70 
906099779.00   62695       3624      66319      27305       6376      33681      18093       4475      22568       1871      1.0003     1.0003     1.0003     1.0004      0.60    14192.6787 3509.6175  17702.2962 21422.0939 5001.1196  26423.2135 130899.70 
910199778.00   62722       3719      66441      27278       6281      33559      18697       4516      23213       1677      1.0009     1.0009     1.0003     1.0005      0.60    14668.1286 3541.6715  18209.8001 21402.4865 4926.5467  26329.0332 130899.70 
914299777.00   61758       3601      65359      28242       6399      34641      22167       5188      27355       2886      1.0007     1.0009     1.0007     1.0001      0.60    17391.8603 4069.3479  21461.2082 22159.9774 5019.5230  27179.5003 130899.70 
918399776.00   62934       3866      66800      27066       6134      33200      17913       4238      22151       1844      1.0007     1.0007     1.0005     1.0003      0.60    14053.7301 3323.8884  17377.6186 21236.9043 4811.6660  26048.5702 130899.70 
922499775.00   61521       3800      65321      28479       6200      34679      23386       5116      28502       3467      1.0006     1.0006     1.0005     1.0004      0.60    18347.9753 4013.1054  22361.0807 22345.0747 4863.7661  27208.8408 130899.70 
926599774.00   61089       3800      64889      28911       6200      35111      15521       3181      18702       1847      1.0008     1.0005     1.0008     1.0003      0.60    12175.9092 2494.8984  14670.8075 22683.9566 4863.6038  27547.5605 130899.70 
930699773.00   61583       3924      65507      28417       6076      34493      15115       3071      18186       1642      1.0007     1.0006     1.0007     1.0001      0.60    11857.8099 2409.0231  14266.8330 22295.5595 4766.5844  27062.1439 130899.70 
934799772.00   61920       3923      65843      28080       6077      34157      14760       3090      17850       1897      1.0007     1.0010     1.0006     1.0001      0.60    11579.5048 2423.6358  14003.1406 22031.9375 4767.3422  26799.2797 130899.70 
938899771.00   60414       3554      63968      29586       6446      36032      15839       3334      19173       3002      1.0008     1.0009     1.0007     1.0000      0.60    12427.3520 2615.3753  15042.7273 23214.1468 5056.9852  28271.1321 130899.70 
942999770.00   60224       3680      63904      29776       6320      36096      17973       3873      21846       1899      1.0008     1.0008     1.0005     1.0005      0.60    14101.3250 3037.6500  17138.9750 23365.2648 4957.7780  28323.0428 130899.70 
947099769.00   60067       3745      63812      29933       6255      36188      11540       2236      13776       2783      1.0006     1.0006     1.0008     1.0007      0.60    9051.9785  1753.4912  10805.4696 23485.1150 4906.3947  28391.5097 130899.70 
951199768.00   59332       3621      62953      30668       6379      37047      19899       4000      23899       3367      1.0006     1.0006     1.0009     1.0008      0.60    15609.6678 3137.4072  18747.0750 24061.0490 5004.0277  29065.0767 130899.70 
955299767.00   59700       3626      63326      30300       6374      36674      21473       4254      25727       3056      1.0008     1.0008     1.0005     1.0001      0.60    16844.3665 3335.9542  20180.3207 23770.9868 4999.1832  28770.1700 130899.70 
959399766.00   59408       3525      62933      30592       6475      37067      21785       4260      26045       2851      1.0007     1.0007     1.0007     1.0005      0.60    17094.2486 3342.1211  20436.3697 24004.0347 5079.4704  29083.5051 130899.70 
963499765.00   59932       3629      63561      30068       6371      36439      29935       6354      36289      18219      1.0008     1.0008     1.0008     1.0002      0.60    23488.2685 4984.4209  28472.6894 23592.7003 4997.7668  28590.4671 130899.70 
967599764.00   60798       3600      64398      29202       6400      35602      12836       2576      15412       2373      1.0008     1.0010     1.0005     1.0006      0.60    10071.2489 2020.8798  12092.1287 22914.4601 5020.9082  27935.3683 130899.70 
971699763.00   59075       3335      62410      30925       6665      37590      26703       5785      32488       2685      1.0007     1.0007     1.0009     1.0004      0.60    20952.3295 4538.2887  25490.6182 24266.3391 5228.9019  29495.2410 130899.70 
975799762.00   59785       3458      63243      30215       6542      36757      23003       4585      27588       4084      1.0005     1.0009     1.0005     1.0003      0.60    18048.9071 3596.5635  21645.4705 23708.8864 5131.9469  28840.8333 130899.70 
979899761.00   58270       3584      61854      31730       6416      38146      24194       4585      28779       3814      1.0006     1.0006     1.0006     1.0008      0.60    18983.8335 3596.7814  22580.6149 24898.1041 5033.3248  29931.4289 130899.70 
983999760.00   57393       3543      60936      32607       6457      39064      17589       3146      20735       2297      1.0008     1.0008     1.0008     1.0005      0.60    13796.8886 2467.2454  16264.1340 25581.8833 5064.9181  30646.8013 130899.70 
988099759.00   57147       3508      60655      32853       6492      39345      25583       4955      30538       2810      1.0003     1.0009     1.0005     1.0003      0.60    20069.7112 3886.2105  23955.9217 25775.4890 5092.0984  30867.5874 130899.70 
992199758.00   56516       3401      59917      33484       6599      40083      28990       5766      34756       4453      1.0009     1.0009     1.0006     1.0001      0.60    22743.8128 4522.8108  27266.6236 26271.7182 5176.6234  31448.3416 130899.70 
996299757.00   58289       3688      61977      31711       6312      38023      29997       5987      35984       4224      1.0006     1.0006     1.0006     1.0001      0.60    23533.5107 4695.9070  28229.4176 24879.0252 4950.9807  29830.0059 130899.70 
1000399756.00   55722       3434      59156      34278       6566      40844      32845       6286      39131       4084      1.0006     1.0004     1.0006     1.0006      0.60    25767.1173 4930.5072  30697.6245 26892.1218 5150.2969  32042.4187 130899.70 
1004499755.00   56879       3453      60332      33121       6547      39668      32293       6346      38639      13222      1.0006     1.0010     1.0006     1.0001      0.60    25332.4649 4977.5707  30310.0356 25982.3376 5135.2827  31117.6203 130899.70 
1008599754.00   56091       3214      59305      33909       6786      40695      33243       6690      39933       5813      1.0007     1.0007     1.0006     1.0005      0.60    26078.8982 5247.3044  31326.2026 26601.7948 5322.6680  31924.4628 130899.70 
1012699753.00   56243       3112      59355      33757       6888      40645      33203       6799      40002       8129      1.0004     1.0008     1.0005     1.0006      0.60    26046.3508 5332.3984  31378.7493 26481.3244 5402.2695  31883.5939 130899.70 
1016799752.00   56501       3197      59698      33499       6803      40302      33074       6744      39818      10075      1.0006     1.0006     1.0005     1.0004      0.60    25944.6087 5288.8203  31233.4290 26278.2883 5335.1310  31613.4193 130899.70 
