 Timestep    Gas_A      Gas_B     Gas_tot    Dense_A    Dense_B   Dense_tot   Lc_numA    Lc_numB    Lg_clust     MCS       sigALL     sigAA      sigAB      sigBB      phiEff   Lc_area_A  Lc_area_B   lc_area   den_area_A den_area_B  den_area   Box_area 
   0.00      25000      25000      50000        0          0          0          5          6          11         0        1.0123     1.0072     1.0029     1.0237      0.60      3.9265     4.7119     8.6384     0.0000     0.0000     0.0000    65449.85 
1450000.00    5073       4041       9114      19927      20959      40886      16220      17204      33424       4542      1.0004     1.0002     1.0010     1.0004      0.60    12673.7880 13439.5602 26113.3482 15572.6472 16375.6501 31948.2973  65449.85 
2900000.00    2961       2180       5141      22039      22820      44859      20713      21409      42122       8971      1.0008     0.9999     1.0008     1.0008      0.60    16176.3471 16715.8658 32892.2129 17212.8478 17818.5390 35031.3867  65449.85 
4350000.00    2510       1893       4403      22490      23107      45597      22371      23019      45390      22798      1.0006     1.0006     1.0007     1.0003      0.60    17472.0458 17972.7340 35444.7798 17565.2394 18041.6037 35606.8430  65449.85 
5800000.00    2619       1807       4426      22381      23193      45574      16471      17118      33589      11393      1.0006     1.0015     1.0006     1.0009      0.60    12867.2934 13370.8232 26238.1166 17484.9188 18115.4600 35600.3788  65449.85 
7250000.00    2530       1782       4312      22470      23218      45688      21390      22205      43595      11422      1.0005     1.0001     1.0005     1.0003      0.60    16704.2409 17336.6611 34040.9020 17549.1588 18128.9991 35678.1579  65449.85 
8700000.00    2333       1669       4002      22667      23331      45998      21696      22331      44027       9199      1.0007     1.0003     1.0007     1.0001      0.60    16944.8820 17438.9407 34383.8227 17704.5161 18220.8541 35925.3702  65449.85 
10150000.00    2570       1877       4447      22430      23123      45553      21429      22055      43484      11388      1.0007     1.0004     0.9999     1.0002      0.60    16727.3263 17213.7943 33941.1206 17510.4976 18049.3208 35559.8184  65449.85 
11600000.00    2472       1737       4209      22528      23263      45791      21787      22470      44257       9158      1.0006     1.0007     1.0006     1.0005      0.60    17011.2427 17541.3254 34552.5681 17591.0606 18161.7150 35752.7756  65449.85 
13050000.00    2366       1662       4028      22634      23338      45972      22542      23268      45810      22986      1.0004     1.0006     1.0002     0.9997      0.60    17596.8113 18160.5523 35757.3637 17668.8829 18215.2704 35884.1534  65449.85 
14500000.00    2348       1538       3886      22652      23462      46114      22652      23462      46114      46114      1.0004     1.0008     1.0004     1.0004      0.60    17687.0933 18315.9771 36003.0703 17687.0933 18315.9771 36003.0703  65449.85 
15950000.00    1992       1481       3473      23008      23519      46527      23008      23519      46527      46527      1.0004     0.9999     1.0007     1.0006      0.60    17970.1304 18366.3107 36336.4411 17970.1304 18366.3107 36336.4411  65449.85 
17400000.00    2152       1525       3677      22848      23475      46323      22848      23475      46323      46323      1.0003     1.0007     1.0003     0.9997      0.60    17841.3535 18326.8476 36168.2011 17841.3535 18326.8476 36168.2011  65449.85 
18850000.00    2234       1613       3847      22766      23387      46153      22766      23387      46153      46153      1.0003     1.0001     1.0003     1.0004      0.60    17767.9061 18249.2881 36017.1943 17767.9061 18249.2881 36017.1943  65449.85 
20300000.00    2166       1541       3707      22834      23459      46293      22680      23293      45973      23146      1.0000     1.0000     1.0000     1.0000      0.60    17697.5864 18169.7948 35867.3811 17818.2334 18299.7369 36117.9703  65449.85 
21750000.00    2020       1466       3486      22980      23534      46514      22931      23477      46408      23257      1.0004     1.0008     1.0004     1.0004      0.60    17894.6893 18315.7888 36210.4781 17933.0877 18360.4333 36293.5210  65449.85 
23200000.00    1953       1343       3296      23047      23657      46704      23047      23657      46704      46704      1.0008     1.0008     1.0006     1.0004      0.60    17995.1479 18468.5753 36463.7232 17995.1479 18468.5753 36463.7232  65449.85 
24650000.00    1982       1377       3359      23018      23623      46641      22839      23469      46308      23320      1.0002     1.0011     1.0004     1.0006      0.60    17824.0529 18312.7196 36136.7724 17964.0917 18433.1502 36397.2419  65449.85 
26100000.00    1957       1394       3351      23043      23606      46649      23043      23606      46649      46649      1.0009     1.0003     1.0009     1.0003      0.60    17984.2753 18422.2291 36406.5043 17984.2753 18422.2291 36406.5043  65449.85 
27550000.00    2043       1407       3450      22957      23593      46550      22957      23593      46550      46550      1.0005     1.0000     1.0012     1.0000      0.60    17925.2269 18416.9681 36342.1950 17925.2269 18416.9681 36342.1950  65449.85 
29000000.00    2002       1419       3421      22998      23581      46579      22998      23581      46579      46579      1.0005     1.0013     1.0002     1.0005      0.60    17956.9198 18407.6716 36364.5914 17956.9198 18407.6716 36364.5914  65449.85 
30450000.00    1802       1349       3151      23198      23651      46849      23198      23651      46849      46849      1.0005     1.0010     1.0005     1.0013      0.60    18115.7533 18467.2192 36582.9726 18115.7533 18467.2192 36582.9726  65449.85 
31900000.00    2155       1588       3743      22845      23412      46257      22845      23412      46257      46257      1.0002     1.0009     1.0000     1.0000      0.60    17834.5854 18273.9189 36108.5043 17834.5854 18273.9189 36108.5043  65449.85 
33350000.00    2357       1769       4126      22643      23231      45874      22643      23231      45874      45874      1.0004     0.9998     1.0008     1.0003      0.60    17672.4266 18127.7340 35800.1606 17672.4266 18127.7340 35800.1606  65449.85 
34800000.00    2300       1667       3967      22700      23333      46033      22700      23333      46033      46033      1.0003     1.0005     1.0003     1.0009      0.60    17717.7319 18209.8296 35927.5615 17717.7319 18209.8296 35927.5615  65449.85 
36250000.00    2354       1731       4085      22646      23269      45915      22567      23177      45744      22957      1.0002     1.0006     1.0002     0.9998      0.60    17617.5720 18090.5734 35708.1455 17679.3627 18162.5489 35841.9116  65449.85 
37700000.00    2162       1499       3661      22838      23501      46339      22838      23501      46339      46339      1.0003     1.0005     1.0003     1.0009      0.60    17824.2163 18338.7103 36162.9266 17824.2163 18338.7103 36162.9266  65449.85 
39150000.00    1999       1442       3441      23001      23558      46559      23001      23558      46559      46559      1.0011     1.0000     1.0003     1.0001      0.60    17955.6792 18388.4411 36344.1203 17955.6792 18388.4411 36344.1203  65449.85 
40600000.00    1970       1448       3418      23030      23552      46582      23030      23552      46582      46582      0.9999     0.9999     1.0010     1.0003      0.60    17977.4849 18379.5765 36357.0614 17977.4849 18379.5765 36357.0614  65449.85 
42050000.00    2031       1514       3545      22969      23486      46455      22969      23486      46455      46455      1.0006     1.0007     1.0006     1.0006      0.60    17933.1000 18332.3770 36265.4770 17933.1000 18332.3770 36265.4770  65449.85 
43500000.00    1947       1442       3389      23053      23558      46611      23053      23558      46611      46611      1.0006     1.0004     1.0006     1.0007      0.60    18001.2338 18391.5682 36392.8020 18001.2338 18391.5682 36392.8020  65449.85 
44950000.00    2212       1604       3816      22788      23396      46184      22788      23396      46184      46184      1.0005     1.0010     1.0004     1.0005      0.60    17788.1929 18257.9981 36046.1910 17788.1929 18257.9981 36046.1910  65449.85 
46400000.00    2353       1741       4094      22647      23259      45906      22647      23259      45906      45906      1.0001     1.0003     0.9999     1.0001      0.60    17671.3489 18145.2810 35816.6299 17671.3489 18145.2810 35816.6299  65449.85 
47850000.00    2101       1569       3670      22899      23431      46330      22563      23123      45686      23165      1.0006     1.0009     1.0006     1.0002      0.60    17610.2451 18044.3023 35654.5474 17873.2020 18285.3863 36158.5883  65449.85 
49300000.00    2247       1612       3859      22753      23388      46141      22753      23388      46141      46141      1.0005     1.0001     1.0004     1.0002      0.60    17763.9866 18254.7986 36018.7853 17763.9866 18254.7986 36018.7853  65449.85 
50750000.00    2263       1593       3856      22737      23407      46144      22440      23155      45595      23072      1.0008     1.0008     1.0006     1.0008      0.60    17519.8163 18073.7782 35593.5945 17752.2330 18270.9770 36023.2100  65449.85 
52200000.00    2107       1505       3612      22893      23495      46388      22644      23286      45930      23194      1.0004     1.0006     1.0004     1.0001      0.60    17688.9931 18185.6129 35874.6060 17884.0222 18349.3430 36233.3653  65449.85 
53650000.00    2137       1665       3802      22863      23335      46198      22604      23130      45734      15399      1.0002     1.0009     1.0001     1.0008      0.60    17645.9604 18051.2530 35697.2133 17848.9041 18211.7663 36060.6705  65449.85 
55100000.00    2210       1581       3791      22790      23419      46209      22790      23419      46209      46209      1.0005     1.0006     1.0000     1.0006      0.60    17789.1328 18273.7788 36062.9116 17789.1328 18273.7788 36062.9116  65449.85 
56550000.00    2236       1542       3778      22764      23458      46222      22764      23458      46222      46222      1.0004     1.0001     1.0002     1.0007      0.60    17763.8684 18303.6290 36067.4974 17763.8684 18303.6290 36067.4974  65449.85 
58000000.00    2028       1440       3468      22972      23560      46532      22972      23560      46532      46532      1.0009     1.0012     1.0009     1.0006      0.60    17939.7506 18394.7855 36334.5360 17939.7506 18394.7855 36334.5360  65449.85 
59450000.00    2097       1471       3568      22903      23529      46432      22903      23529      46432      46432      1.0006     1.0006     1.0006     1.0001      0.60    17883.2653 18366.9700 36250.2353 17883.2653 18366.9700 36250.2353  65449.85 
60900000.00    2237       1726       3963      22763      23274      46037      22763      23274      46037      46037      1.0003     1.0002     1.0003     1.0011      0.60    17764.2924 18160.1182 35924.4106 17764.2924 18160.1182 35924.4106  65449.85 
62350000.00    2035       1425       3460      22965      23575      46540      22965      23575      46540      46540      1.0005     1.0007     1.0004     1.0008      0.60    17931.6594 18405.5967 36337.2560 17931.6594 18405.5967 36337.2560  65449.85 
63800000.00    2132       1544       3676      22868      23456      46324      22766      23353      46119      23162      1.0006     1.0009     1.0006     1.0006      0.60    17771.6051 18227.0023 35998.6074 17851.5381 18307.7347 36159.2728  65449.85 
65250000.00    2215       1501       3716      22785      23499      46284      15481      15967      31448      23142      1.0003     1.0006     1.0005     1.0003      0.60    12087.6913 12465.9708 24553.6621 17791.6420 18345.8664 36137.5084  65449.85 
66700000.00    2333       1605       3938      22667      23395      46062      15357      15841      31198      23031      1.0005     1.0005     1.0006     1.0005      0.60    11988.9215 12366.2212 24355.1426 17695.4589 18263.1357 35958.5946  65449.85 
68150000.00    2336       1679       4015      22664      23321      45985      15335      15742      31077      22992      1.0004     1.0004     1.0004     1.0003      0.60    11974.7682 12290.4297 24265.1979 17700.4359 18210.5243 35910.9602  65449.85 
69600000.00    2230       1597       3827      22770      23403      46173      22770      23403      46173      46173      1.0006     1.0006     1.0009     1.0002      0.60    17779.0697 18269.6320 36048.7017 17779.0697 18269.6320 36048.7017  65449.85 
71050000.00    2316       1732       4048      22684      23268      45952      22684      23268      45952      45952      1.0005     1.0005     1.0009     0.9998      0.60    17704.2292 18157.1323 35861.3615 17704.2292 18157.1323 35861.3615  65449.85 
72500000.00    2292       1708       4000      22708      23292      46000      22708      23292      46000      46000      1.0004     1.0005     1.0006     1.0004      0.60    17726.7893 18178.0209 35904.8102 17726.7893 18178.0209 35904.8102  65449.85 
73950000.00    2374       1634       4008      22626      23366      45992      22626      23366      45992      45992      0.9999     1.0006     0.9999     1.0002      0.60    17664.3865 18236.4127 35900.7992 17664.3865 18236.4127 35900.7992  65449.85 
75400000.00    2341       1712       4053      22659      23288      45947      22659      23288      45947      45947      1.0005     1.0005     1.0001     0.9998      0.60    17692.0534 18179.6751 35871.7285 17692.0534 18179.6751 35871.7285  65449.85 
76850000.00    2226       1663       3889      22774      23337      46111      22774      23337      46111      46111      1.0006     0.9999     1.0006     1.0006      0.60    17777.3978 18211.6500 35989.0478 17777.3978 18211.6500 35989.0478  65449.85 
78300000.00    2292       1526       3818      22708      23474      46182      22708      23474      46182      46182      1.0005     1.0003     1.0002     1.0005      0.60    17721.3589 18314.5561 36035.9150 17721.3589 18314.5561 36035.9150  65449.85 
79750000.00    2300       1620       3920      22700      23380      46080      22564      23237      45801      23040      1.0001     1.0001     1.0007     1.0001      0.60    17607.4364 18126.5301 35733.9665 17713.9029 18238.3836 35952.2865  65449.85 
81200000.00    2228       1587       3815      22772      23413      46185      22772      23413      46185      46185      1.0002     1.0002     1.0002     1.0005      0.60    17782.4629 18277.3667 36059.8296 17782.4629 18277.3667 36059.8296  65449.85 
82650000.00    2326       1706       4032      22674      23294      45968      22674      23294      45968      45968      1.0004     1.0004     1.0009     1.0003      0.60    17692.2466 18172.9563 35865.2030 17692.2466 18172.9563 35865.2030  65449.85 
84100000.00    2257       1682       3939      22743      23318      46061      22575      23164      45739      23030      1.0004     1.0012     1.0000     1.0010      0.60    17616.1492 18075.9697 35692.1189 17747.6824 18196.5082 35944.1905  65449.85 
85550000.00    2311       1694       4005      22689      23306      45995      22689      23306      45995      45995      1.0008     1.0009     1.0008     1.0004      0.60    17710.1761 18188.3556 35898.5317 17710.1761 18188.3556 35898.5317  65449.85 
87000000.00    2141       1500       3641      22859      23500      46359      17139      17656      34795      23179      1.0003     1.0006     1.0008     1.0007      0.60    13373.3116 13773.3536 27146.6652 17841.2123 18337.1067 36178.3189  65449.85 
88450000.00    2365       1712       4077      22635      23288      45923      22635      23288      45923      45923      1.0003     1.0006     1.0001     1.0002      0.60    17668.8881 18176.3829 35845.2711 17668.8881 18176.3829 35845.2711  65449.85 
89900000.00    2444       1714       4158      22556      23286      45842      22556      23286      45842      45842      1.0005     1.0005     1.0009     1.0005      0.60    17610.0003 18174.1152 35784.1155 17610.0003 18174.1152 35784.1155  65449.85 
91350000.00    2240       1603       3843      22760      23397      46157      22760      23397      46157      46157      1.0003     1.0003     1.0003     1.0006      0.60    17773.0280 18267.3514 36040.3794 17773.0280 18267.3514 36040.3794  65449.85 
92800000.00    2300       1656       3956      22700      23344      46044      22627      23260      45887      23022      1.0006     1.0008     1.0006     1.0006      0.60    17659.3462 18151.7096 35811.0557 17716.5230 18217.5581 35934.0812  65449.85 
94250000.00    2299       1688       3987      22701      23312      46013      22701      23312      46013      46013      1.0007     1.0008     1.0006     1.0010      0.60    17721.2389 18192.9917 35914.2305 17721.2389 18192.9917 35914.2305  65449.85 
95700000.00    2374       1771       4145      22626      23229      45855      22626      23229      45855      45855      1.0007     1.0013     1.0005     1.0012      0.60    17665.0976 18131.1009 35796.1985 17665.0976 18131.1009 35796.1985  65449.85 
97150000.00    2362       1741       4103      22638      23259      45897      22638      23259      45897      45897      1.0004     1.0004     1.0008     1.0001      0.60    17676.7577 18156.8143 35833.5721 17676.7577 18156.8143 35833.5721  65449.85 
98600000.00    2196       1579       3775      22804      23421      46225      22437      23060      45497      23112      1.0008     1.0003     1.0008     1.0003      0.60    17511.3342 17995.4084 35506.7426 17798.2973 18277.7363 36076.0336  65449.85 
100050000.00    2334       1747       4081      22666      23253      45919      22666      23253      45919      45919      1.0010     1.0003     1.0010     1.0003      0.60    17694.7231 18149.4451 35844.1682 17694.7231 18149.4451 35844.1682  65449.85 
101500000.00    2248       1636       3884      22752      23364      46116      22411      23084      45495      15372      1.0007     1.0001     1.0007     1.0009      0.60    17494.0705 18016.6664 35510.7369 17761.1346 18236.0184 35997.1530  65449.85 
102950000.00    2324       1677       4001      22676      23323      45999      22676      23323      45999      45999      1.0008     1.0000     1.0005     1.0009      0.60    17696.7347 18197.9732 35894.7078 17696.7347 18197.9732 35894.7078  65449.85 
104400000.00    2207       1638       3845      22793      23362      46155      22255      22886      45141      23077      1.0007     1.0007     0.9999     1.0007      0.60    17374.0783 17860.6186 35234.6969 17795.1822 18232.9253 36028.1075  65449.85 
105850000.00    2013       1438       3451      22987      23562      46549      22493      23113      45606      23274      1.0006     1.0003     1.0008     1.0005      0.60    17552.8416 18032.4952 35585.3368 17938.9303 18383.4825 36322.4129  65449.85 
107300000.00    2115       1572       3687      22885      23428      46313      22459      23053      45512      23156      1.0001     1.0001     1.0004     1.0014      0.60    17530.1914 17988.8875 35519.0788 17863.4187 18282.0001 36145.4188  65449.85 
108750000.00    2225       1711       3936      22775      23289      46064      22473      23014      45487      23032      1.0002     1.0006     1.0008     1.0000      0.60    17543.4104 17964.6368 35508.0473 17779.3602 18179.4888 35958.8490  65449.85 
110200000.00    2101       1554       3655      22899      23446      46345      22672      23258      45930      23172      1.0008     1.0011     1.0004     1.0001      0.60    17703.9370 18156.5359 35860.4728 17881.5749 18303.6131 36185.1880  65449.85 
111650000.00    2318       1635       3953      22682      23365      46047      22470      23149      45619      23023      1.0010     1.0010     1.0002     1.0005      0.60    17541.9271 18066.8815 35608.8085 17707.9749 18236.0632 35944.0381  65449.85 
113100000.00    2008       1412       3420      22992      23588      46580      22992      23588      46580      46580      1.0006     1.0004     1.0006     1.0010      0.60    17949.7529 18412.0142 36361.7671 17949.7529 18412.0142 36361.7671  65449.85 
114550000.00    2088       1502       3590      22912      23498      46410      22912      23498      46410      46410      1.0005     1.0005     1.0005     1.0008      0.60    17885.6163 18340.7446 36226.3609 17885.6163 18340.7446 36226.3609  65449.85 
116000000.00    2041       1455       3496      22959      23545      46504      22959      23545      46504      46504      1.0004     1.0001     1.0004     1.0010      0.60    17922.9890 18376.8154 36299.8043 17922.9890 18376.8154 36299.8043  65449.85 
117450000.00    1932       1360       3292      23068      23640      46708      23068      23640      46708      46708      1.0003     1.0003     1.0002     1.0005      0.60    18012.1636 18458.7185 36470.8821 18012.1636 18458.7185 36470.8821  65449.85 
118900000.00    2162       1597       3759      22838      23403      46241      22838      23403      46241      46241      1.0003     1.0003     1.0008     1.0009      0.60    17831.4342 18270.4207 36101.8549 17831.4342 18270.4207 36101.8549  65449.85 
120350000.00    2167       1553       3720      22833      23447      46280      22833      23447      46280      46280      1.0009     1.0010     1.0005     1.0009      0.60    17821.2748 18295.3067 36116.5815 17821.2748 18295.3067 36116.5815  65449.85 
121800000.00    2176       1575       3751      22824      23425      46249      22636      23264      45900      23124      1.0008     1.0009     1.0008     1.0008      0.60    17659.0957 18144.1602 35803.2559 17806.3153 18270.1953 36076.5106  65449.85 
123250000.00    2266       1677       3943      22734      23323      46057      22734      23323      46057      46057      1.0005     1.0001     1.0005     1.0003      0.60    17749.4792 18206.4828 35955.9620 17749.4792 18206.4828 35955.9620  65449.85 
124700000.00    2146       1501       3647      22854      23499      46353      22854      23499      46353      46353      1.0006     1.0004     1.0010     1.0014      0.60    17837.2853 18337.5943 36174.8796 17837.2853 18337.5943 36174.8796  65449.85 
126150000.00    2385       1749       4134      22615      23251      45866      22615      23251      45866      45866      1.0007     1.0004     1.0007     1.0006      0.60    17644.1483 18133.8580 35778.0064 17644.1483 18133.8580 35778.0064  65449.85 
127600000.00    2235       1583       3818      22765      23417      46182      22679      23340      46019      23091      1.0006     1.0002     1.0005     1.0001      0.60    17697.6161 18207.1628 35904.7789 17764.9085 18267.4140 36032.3225  65449.85 
129050000.00    2114       1492       3606      22886      23508      46394      22886      23508      46394      46394      1.0005     1.0005     1.0000     1.0003      0.60    17864.8071 18346.9782 36211.7853 17864.8071 18346.9782 36211.7853  65449.85 
130500000.00    2187       1574       3761      22813      23426      46239      22813      23426      46239      46239      1.0004     1.0004     1.0009     1.0007      0.60    17805.5769 18281.4873 36087.0641 17805.5769 18281.4873 36087.0641  65449.85 
131950000.00    2164       1537       3701      22836      23463      46299      22551      23226      45777      23149      1.0003     1.0004     1.0003     1.0003      0.60    17602.9216 18128.5038 35731.4254 17825.8601 18313.9456 36139.8057  65449.85 
133400000.00    2372       1665       4037      22628      23335      45963      22301      23047      45348      15321      1.0002     1.0008     1.0002     1.0002      0.60    17411.1630 17990.6077 35401.7707 17666.8670 18215.7756 35882.6426  65449.85 
134850000.00    2399       1654       4053      22601      23346      45947      22520      23271      45791      22973      1.0009     1.0005     1.0002     0.9997      0.60    17573.9063 18153.8991 35727.8054 17637.3549 18212.6363 35849.9912  65449.85 
136300000.00    2122       1475       3597      22878      23525      46403      22878      23525      46403      46403      1.0004     1.0004     1.0005     1.0004      0.60    17857.0414 18360.5485 36217.5899 17857.0414 18360.5485 36217.5899  65449.85 
137750000.00    2265       1677       3942      22735      23323      46058      22735      23323      46058      46058      1.0000     1.0006     1.0000     1.0002      0.60    17743.3780 18199.0343 35942.4122 17743.3780 18199.0343 35942.4122  65449.85 
139200000.00    2336       1758       4094      22664      23242      45906      22561      23158      45719      22953      1.0008     1.0008     1.0008     1.0003      0.60    17614.5278 18074.9806 35689.5084 17695.1977 18140.6551 35835.8528  65449.85 
140650000.00    2345       1765       4110      22655      23235      45890      22655      23235      45890      45890      1.0003     1.0007     1.0003     1.0009      0.60    17687.0127 18136.5815 35823.5942 17687.0127 18136.5815 35823.5942  65449.85 
142100000.00    2313       1674       3987      22687      23326      46013      22595      23239      45834      23006      1.0000     1.0000     1.0002     1.0000      0.60    17632.1733 18133.2609 35765.4342 17704.2652 18201.4133 35905.6784  65449.85 
143550000.00    2231       1578       3809      22769      23422      46191      22668      23328      45996      23095      1.0005     1.0001     0.9999     1.0004      0.60    17690.7617 18203.6091 35894.3708 17769.8956 18277.1617 36047.0573  65449.85 
