 Timestep    Gas_A      Gas_B     Gas_tot    Dense_A    Dense_B   Dense_tot   Lc_numA    Lc_numB    Lg_clust     MCS       sigALL     sigAA      sigAB      sigBB      phiEff   Lc_area_A  Lc_area_B   lc_area   den_area_A den_area_B  den_area   Box_area 
   0.00      50000      50000      100000       0          0          0          5          6          11         0        1.0013     1.0035     1.0013     1.0032      0.60      3.9264     4.7124     8.6388     0.0000     0.0000     0.0000   130899.70 
4099999.00    4042       2423       6465      45958      47577      93535      43723      45415      89138      15589      1.0001     1.0003     1.0002     1.0001      0.60    34083.8592 35392.5333 69476.3925 35833.7104 37084.4123 72918.1227 130899.70 
8199998.00    2306       1402       3708      47694      48598      96292      47694      48598      96292      96292      1.0000     1.0003     1.0000     1.0001      0.60    37222.2830 37918.7245 75141.0075 37222.2830 37918.7245 75141.0075 130899.70 
12299997.00    2092       1247       3339      47908      48753      96661      47908      48753      96661      96661      1.0000     1.0004     1.0003     1.0002      0.60    37454.3697 38104.9496 75559.3193 37454.3697 38104.9496 75559.3193 130899.70 
16399996.00    1933       1186       3119      48067      48814      96881      48012      48738      96750      48440      1.0003     1.0004     1.0002     1.0002      0.60    37580.1249 38138.4019 75718.5268 37623.2715 38198.0084 75821.2799 130899.70 
20499995.00    1930       1149       3079      48070      48851      96921      48070      48851      96921      96921      1.0002     1.0002     1.0002     1.0003      0.60    37604.2647 38207.6748 75811.9396 37604.2647 38207.6748 75811.9396 130899.70 
24599994.00    2034       1225       3259      47966      48775      96741      47966      48775      96741      96741      1.0003     1.0003     1.0003     1.0003      0.60    37526.4388 38149.9820 75676.4209 37526.4388 38149.9820 75676.4209 130899.70 
28699993.00    1865       1149       3014      48135      48851      96986      48135      48851      96986      96986      1.0002     1.0002     1.0003     1.0003      0.60    37637.0902 38185.4667 75822.5569 37637.0902 38185.4667 75822.5569 130899.70 
32799992.00    1854       1040       2894      48146      48960      97106      48146      48960      97106      97106      1.0003     1.0001     1.0002     1.0003      0.60    37645.8861 38271.9400 75917.8261 37645.8861 38271.9400 75917.8261 130899.70 
36899991.00    2237       1454       3691      47763      48546      96309      47533      48280      95813      32103      1.0002     1.0001     1.0003     1.0002      0.60    37195.0320 37771.0208 74966.0528 37375.4345 37979.5951 75355.0296 130899.70 
40999990.00    1860       1136       2996      48140      48864      97004      48028      48780      96808      48502      1.0002     1.0002     1.0003     1.0001      0.60    37558.1717 38144.0815 75702.2532 37645.9621 38209.9583 75855.9204 130899.70 
45099989.00    1723       1042       2765      48277      48958      97235      48277      48958      97235      97235      1.0004     1.0005     1.0002     1.0000      0.60    37759.9764 38283.1702 76043.1466 37759.9764 38283.1702 76043.1466 130899.70 
49199988.00    1760       1054       2814      48240      48946      97186      48134      48842      96976      48593      1.0003     1.0001     1.0004     1.0004      0.60    37651.7459 38198.8397 75850.5856 37734.9122 38280.4098 76015.3220 130899.70 
53299987.00    1679       1062       2741      48321      48938      97259      48082      48743      96825      48629      1.0002     1.0000     1.0002     0.9999      0.60    37598.5050 38110.9678 75709.4729 37785.9449 38263.8831 76049.8280 130899.70 
57399986.00    1775       1005       2780      48225      48995      97220      48225      48995      97220      97220      1.0003     1.0004     1.0005     1.0003      0.60    37713.1575 38305.8260 76018.9835 37713.1575 38305.8260 76018.9835 130899.70 
61499985.00    1717       1024       2741      48283      48976      97259      48283      48976      97259      97259      1.0001     1.0004     1.0001     1.0004      0.60    37762.9169 38299.2673 76062.1842 37762.9169 38299.2673 76062.1842 130899.70 
65599984.00    1722       1062       2784      48278      48938      97216      48278      48938      97216      97216      1.0002     1.0003     1.0002     1.0001      0.60    37754.9964 38262.7385 76017.7348 37754.9964 38262.7385 76017.7348 130899.70 
69699983.00    1604       991        2595      48396      49009      97405      48396      49009      97405      97405      1.0003     1.0001     1.0003     1.0003      0.60    37844.5755 38322.2887 76166.8642 37844.5755 38322.2887 76166.8642 130899.70 
73799982.00    1714       1010       2724      48286      48990      97276      48027      48773      96800      48638      1.0003     1.0003     1.0002     1.0004      0.60    37542.2519 38116.1933 75658.4452 37745.4229 38286.3867 76031.8097 130899.70 
77899981.00    1559       841        2400      48441      49159      97600      47971      48709      96680      48800      1.0004     1.0004     1.0003     1.0001      0.60    37501.1584 38075.3216 75576.4801 37869.6232 38428.0349 76297.6581 130899.70 
81999980.00    1657       885        2542      48343      49115      97458      48343      49115      97458      97458      1.0001     1.0004     1.0002     1.0001      0.60    37808.1039 38404.5550 76212.6589 37808.1039 38404.5550 76212.6589 130899.70 
86099979.00    1834       1105       2939      48166      48895      97061      48091      48828      96919      48530      1.0002     1.0003     1.0002     1.0004      0.60    37608.4737 38173.0501 75781.5237 37667.3456 38225.6529 75892.9985 130899.70 
90199978.00    1576       1045       2621      48424      48955      97379      48424      48955      97379      97379      1.0002     1.0002     1.0004     1.0002      0.60    37856.4180 38265.2401 76121.6581 37856.4180 38265.2401 76121.6581 130899.70 
94299977.00    2290       1354       3644      47710      48646      96356      47710      48646      96356      96356      1.0002     1.0002     1.0002     1.0004      0.60    37271.6672 37995.9584 75267.6256 37271.6672 37995.9584 75267.6256 130899.70 
98399976.00    1814       1096       2910      48186      48904      97090      47992      48746      96738      48545      1.0002     1.0002     1.0002     1.0001      0.60    37511.1075 38092.8404 75603.9478 37663.3319 38216.8112 75880.1431 130899.70 
102499975.00    2080       1373       3453      47920      48627      96547      47376      48131      95507      32182      1.0003     1.0002     1.0003     0.9998      0.60    37023.8043 37606.8965 74630.7008 37450.4857 37995.8780 75446.3637 130899.70 
106599974.00    1762       980        2742      48238      49020      97258      48238      49020      97258      97258      1.0002     1.0000     1.0002     1.0004      0.60    37646.6398 38248.3062 75894.9460 37646.6398 38248.3062 75894.9460 130899.70 
110699973.00    1662       1028       2690      48338      48972      97310      48155      48758      96913      48655      1.0002     1.0002     1.0000     1.0003      0.60    37635.7594 38101.7365 75737.4958 37779.3041 38269.5657 76048.8698 130899.70 
114799972.00    1608       1020       2628      48392      48980      97372      48305      48902      97207      48686      1.0003     1.0004     1.0003     1.0003      0.60    37791.3471 38251.8734 76043.2205 37859.6195 38313.0640 76172.6835 130899.70 
118899971.00    1352       832        2184      48648      49168      97816      48648      49168      97816      97816      1.0000     1.0000     1.0004     1.0000      0.60    38052.9192 38451.7674 76504.6866 38052.9192 38451.7674 76504.6866 130899.70 
122999970.00    1755       1091       2846      48245      48909      97154      48245      48909      97154      97154      1.0003     1.0003     1.0003     1.0001      0.60    37724.4745 38240.5356 75965.0102 37724.4745 38240.5356 75965.0102 130899.70 
127099969.00    1478       890        2368      48522      49110      97632      48522      49110      97632      97632      1.0004     1.0002     1.0003     1.0001      0.60    37963.2152 38416.0630 76379.2781 37963.2152 38416.0630 76379.2781 130899.70 
131199968.00    1925       1192       3117      48075      48808      96883      48075      48808      96883      96883      1.0003     1.0003     1.0003     1.0002      0.60    37581.8148 38144.8727 75726.6875 37581.8148 38144.8727 75726.6875 130899.70 
135299967.00    1569       939        2508      48431      49061      97492      48431      49061      97492      97492      1.0003     1.0003     1.0003     1.0000      0.60    37871.0059 38358.7054 76229.7113 37871.0059 38358.7054 76229.7113 130899.70 
139399966.00    1469       892        2361      48531      49108      97639      48531      49108      97639      97639      1.0003     1.0003     1.0002     1.0004      0.60    37973.0661 38416.8292 76389.8953 37973.0661 38416.8292 76389.8953 130899.70 
143499965.00    1831       1053       2884      48169      48947      97116      48169      48947      97116      97116      1.0001     1.0001     1.0003     1.0002      0.60    37684.5981 38289.9539 75974.5520 37684.5981 38289.9539 75974.5520 130899.70 
147599964.00    1560       879        2439      48440      49121      97561      48440      49121      97561      97561      1.0004     1.0004     1.0004     1.0002      0.60    37890.5860 38416.3721 76306.9582 37890.5860 38416.3721 76306.9582 130899.70 
151699963.00    1508       884        2392      48492      49116      97608      47968      48590      96558      48804      1.0001     1.0002     1.0001     1.0003      0.60    37546.0567 38028.9799 75575.0366 37956.8337 38441.3639 76398.1976 130899.70 
155799962.00    1846       1179       3025      48154      48821      96975      47880      48563      96443      48487      1.0000     1.0000     1.0001     1.0002      0.60    37436.8179 37961.8477 75398.6656 37651.6296 38164.1223 75815.7519 130899.70 
159899961.00    1819       1099       2918      48181      48901      97082      48181      48901      97082      97082      1.0002     1.0002     1.0003     1.0000      0.60    37666.2073 38219.9386 75886.1458 37666.2073 38219.9386 75886.1458 130899.70 
163999960.00    1696       1010       2706      48304      48990      97294      48211      48909      97120      48647      1.0004     1.0004     1.0002     1.0001      0.60    37702.5812 38237.6048 75940.1860 37775.5444 38301.1285 76076.6729 130899.70 
168099959.00    1741       1059       2800      48259      48941      97200      48259      48941      97200      97200      1.0002     1.0002     1.0002     1.0001      0.60    37741.8547 38269.8089 76011.6635 37741.8547 38269.8089 76011.6635 130899.70 
172199958.00    1596       904        2500      48404      49096      97500      48404      49096      97500      97500      1.0005     1.0003     1.0005     1.0003      0.60    37845.6358 38380.5593 76226.1951 37845.6358 38380.5593 76226.1951 130899.70 
176299957.00    1578       1010       2588      48422      48990      97412      48422      48990      97412      97412      1.0001     1.0001     1.0003     1.0003      0.60    37868.9349 38305.5191 76174.4540 37868.9349 38305.5191 76174.4540 130899.70 
180399956.00    1735       1046       2781      48265      48954      97219      48010      48760      96770      48609      1.0002     1.0002     1.0002     1.0004      0.60    37563.9698 38144.2941 75708.2639 37764.0033 38296.4825 76060.4858 130899.70 
184499955.00    1717       955        2672      48283      49045      97328      48283      49045      97328      97328      1.0002     1.0002     1.0000     1.0004      0.60    37758.7458 38347.1938 76105.9396 37758.7458 38347.1938 76105.9396 130899.70 
188599954.00    1734       1093       2827      48266      48907      97173      48266      48907      97173      97173      1.0003     1.0003     1.0003     1.0003      0.60    37733.5745 38229.8217 75963.3962 37733.5745 38229.8217 75963.3962 130899.70 
192699953.00    1394       846        2240      48606      49154      97760      48486      49019      97505      48880      1.0002     1.0001     1.0002     1.0002      0.60    37937.1217 38346.9410 76284.0627 38031.2826 38452.8354 76484.1180 130899.70 
196799952.00    1487       817        2304      48513      49183      97696      48513      49183      97696      97696      1.0003     1.0004     1.0000     1.0003      0.60    37934.3981 38451.1442 76385.5423 37934.3981 38451.1442 76385.5423 130899.70 
200899951.00    1825       1003       2828      48175      48997      97172      48175      48997      97172      97172      1.0002     1.0001     1.0003     1.0002      0.60    37633.9681 38272.7533 75906.7214 37633.9681 38272.7533 75906.7214 130899.70 
204999950.00    1770       1153       2923      48230      48847      97077      48230      48847      97077      97077      1.0000     1.0000     1.0001     1.0003      0.60    37681.6626 38158.4781 75840.1408 37681.6626 38158.4781 75840.1408 130899.70 
209099949.00    1828       1111       2939      48172      48889      97061      47492      48240      95732      48530      1.0002     1.0002     1.0002     1.0002      0.60    37116.1066 37691.7648 74807.8713 37648.9881 38200.4321 75849.4202 130899.70 
213199948.00    1759       1047       2806      48241      48953      97194      48241      48953      97194      97194      1.0001     1.0003     1.0001     1.0002      0.60    37729.7902 38278.4088 76008.1990 37729.7902 38278.4088 76008.1990 130899.70 
217299947.00    1823       1131       2954      48177      48869      97046      47984      48675      96659      48523      1.0003     1.0001     1.0004     1.0003      0.60    37499.3832 38033.2202 75532.6034 37650.7334 38185.2934 75836.0268 130899.70 
221399946.00    1911       1182       3093      48089      48818      96907      48089      48818      96907      96907      1.0002     0.9999     1.0001     1.0002      0.60    37578.8229 38140.0982 75718.9211 37578.8229 38140.0982 75718.9211 130899.70 
225499945.00    1717       1020       2737      48283      48980      97263      48283      48980      97263      97263      1.0002     1.0004     1.0000     1.0002      0.60    37732.5220 38269.5508 76002.0728 37732.5220 38269.5508 76002.0728 130899.70 
229599944.00    1783       1048       2831      48217      48952      97169      47612      48366      95978      48584      1.0003     1.0002     1.0001     1.0004      0.60    37198.9445 37779.5826 74978.5272 37673.3006 38239.0312 75912.3318 130899.70 
233699943.00    1777       1044       2821      48223      48956      97179      47586      48401      95987      32393      1.0002     1.0002     1.0003     1.0002      0.60    37178.7080 37808.7060 74987.4140 37678.2689 38243.9402 75922.2091 130899.70 
237799942.00    1358       692        2050      48642      49308      97950      48642      49308      97950      97950      1.0002     1.0004     1.0002     1.0001      0.60    38032.2334 38544.4901 76576.7234 38032.2334 38544.4901 76576.7234 130899.70 
241899941.00    1760       1029       2789      48240      48971      97211      48240      48971      97211      97211      1.0002     1.0004     1.0002     0.9999      0.60    37728.3514 38294.1695 76022.5209 37728.3514 38294.1695 76022.5209 130899.70 
245999940.00    1548       895        2443      48452      49105      97557      48452      49105      97557      97557      1.0004     1.0000     1.0004     1.0002      0.60    37895.0395 38401.1393 76296.1789 37895.0395 38401.1393 76296.1789 130899.70 
250099939.00    1713       1033       2746      48287      48967      97254      48011      48715      96726      48627      1.0003     1.0003     1.0003     1.0004      0.60    37551.2086 38087.7161 75638.9247 37767.7382 38285.4140 76053.1522 130899.70 
254199938.00    1800       1025       2825      48200      48975      97175      48200      48975      97175      97175      1.0002     1.0003     1.0002     1.0002      0.60    37674.1495 38271.2822 75945.4317 37674.1495 38271.2822 75945.4317 130899.70 
258299937.00    1641       931        2572      48359      49069      97428      48359      49069      97428      97428      1.0002     1.0001     1.0002     1.0003      0.60    37837.9609 38385.3328 76223.2937 37837.9609 38385.3328 76223.2937 130899.70 
262399936.00    1822       1120       2942      48178      48880      97058      47932      48672      96604      32352      1.0004     1.0003     1.0001     1.0004      0.60    37489.4705 38061.2544 75550.7249 37682.4749 38224.4025 75906.8774 130899.70 
266499935.00    1668       994        2662      48332      49006      97338      48332      49006      97338      97338      1.0003     1.0003     1.0003     1.0002      0.60    37777.4545 38296.3960 76073.8506 37777.4545 38296.3960 76073.8506 130899.70 
270599934.00    1643       1031       2674      48357      48969      97326      48357      48969      97326      97326      1.0003     1.0003     1.0003     1.0004      0.60    37832.2677 38307.0809 76139.3487 37832.2677 38307.0809 76139.3487 130899.70 
274699933.00    1522       846        2368      48478      49154      97632      48478      49154      97632      97632      1.0004     1.0003     1.0004     1.0000      0.60    37916.9561 38435.4807 76352.4368 37916.9561 38435.4807 76352.4368 130899.70 
278799932.00    1706       1099       2805      48294      48901      97195      48294      48901      97195      97195      1.0002     1.0002     1.0001     1.0000      0.60    37756.7401 38224.0589 75980.7990 37756.7401 38224.0589 75980.7990 130899.70 
282899931.00    1871       1130       3001      48129      48870      96999      48030      48773      96803      48499      1.0001     1.0001     1.0004     0.9999      0.60    37547.9983 38122.2676 75670.2659 37625.6598 38198.3452 75824.0050 130899.70 
286999930.00    1654       941        2595      48346      49059      97405      48215      48937      97152      48702      1.0000     1.0002     1.0000     1.0001      0.60    37690.5024 38248.5950 75939.0974 37793.2677 38344.3254 76137.5931 130899.70 
291099929.00    1487       877        2364      48513      49123      97636      48513      49123      97636      97636      1.0002     1.0002     1.0002     1.0002      0.60    37960.6036 38429.8495 76390.4531 37960.6036 38429.8495 76390.4531 130899.70 
295199928.00    1604       870        2474      48396      49130      97526      48396      49130      97526      97526      1.0000     1.0001     1.0000     1.0000      0.60    37869.2364 38438.7888 76308.0253 37869.2364 38438.7888 76308.0253 130899.70 
299299927.00    1751       1028       2779      48249      48972      97221      47480      48286      95766      48610      1.0003     1.0001     1.0003     1.0002      0.60    37146.9296 37773.3234 74920.2529 37749.9920 38311.2344 76061.2264 130899.70 
303399926.00    1872       1127       2999      48128      48873      97001      47635      48456      96091      24250      1.0001     1.0001     1.0001     1.0001      0.60    37244.3248 37879.4325 75123.7573 37631.0095 38206.4379 75837.4473 130899.70 
307499925.00    1782       961        2743      48218      49039      97257      48084      48916      97000      48628      1.0003     1.0001     1.0003     1.0002      0.60    37604.2371 38251.3261 75855.5632 37709.3707 38347.7904 76057.1611 130899.70 
311599924.00    1561       853        2414      48439      49147      97586      48439      49147      97586      97586      1.0002     1.0003     1.0004     0.9999      0.60    37885.5505 38436.1635 76321.7140 37885.5505 38436.1635 76321.7140 130899.70 
315699923.00    1569       912        2481      48431      49088      97519      48431      49088      97519      97519      1.0001     1.0001     1.0001     1.0001      0.60    37868.6571 38375.2168 76243.8739 37868.6571 38375.2168 76243.8739 130899.70 
319799922.00    1569       969        2538      48431      49031      97462      48229      48871      97100      48731      1.0003     1.0003     1.0003     1.0001      0.60    37701.6598 38196.2321 75897.8919 37860.1374 38321.6620 76181.7994 130899.70 
323899921.00    1464       902        2366      48536      49098      97634      48536      49098      97634      97634      1.0001     1.0004     1.0002     1.0001      0.60    37969.1922 38405.6964 76374.8886 37969.1922 38405.6964 76374.8886 130899.70 
327999920.00    1630       967        2597      48370      49033      97403      48370      49033      97403      97403      1.0004     1.0003     1.0004     1.0004      0.60    37840.2831 38347.0920 76187.3751 37840.2831 38347.0920 76187.3751 130899.70 
332099919.00    1800       1184       2984      48200      48816      97016      48200      48816      97016      97016      1.0002     1.0002     1.0002     0.9999      0.60    37690.6549 38162.0725 75852.7274 37690.6549 38162.0725 75852.7274 130899.70 
336199918.00    1921       1206       3127      48079      48794      96873      48079      48794      96873      96873      1.0002     1.0002     1.0002     1.0001      0.60    37586.1466 38137.5386 75723.6852 37586.1466 38137.5386 75723.6852 130899.70 
340299917.00    1985       1205       3190      48015      48795      96810      48015      48795      96810      96810      1.0000     1.0000     1.0001     1.0003      0.60    37536.2738 38141.5045 75677.7782 37536.2738 38141.5045 75677.7782 130899.70 
344399916.00    1625       889        2514      48375      49111      97486      48375      49111      97486      97486      1.0002     1.0002     1.0002     1.0002      0.60    37830.2563 38398.1945 76228.4509 37830.2563 38398.1945 76228.4509 130899.70 
348499915.00    1506       976        2482      48494      49024      97518      48494      49024      97518      97518      1.0002     1.0002     1.0000     1.0000      0.60    37910.9209 38315.9142 76226.8351 37910.9209 38315.9142 76226.8351 130899.70 
352599914.00    1946       1243       3189      48054      48757      96811      47153      47952      95105      32270      1.0000     1.0002     1.0000     1.0002      0.60    36873.5308 37490.7015 74364.2323 37579.7399 38121.6961 75701.4360 130899.70 
356699913.00    1794       1104       2898      48206      48896      97102      47859      48567      96426      48551      1.0002     1.0003     1.0001     1.0002      0.60    37404.3019 37949.2597 75353.5616 37676.4083 38207.2342 75883.6425 130899.70 
360799912.00    1709       919        2628      48291      49081      97372      48291      49081      97372      97372      1.0001     1.0001     1.0002     1.0002      0.60    37761.4201 38373.3077 76134.7278 37761.4201 38373.3077 76134.7278 130899.70 
364899911.00    1538       925        2463      48462      49075      97537      48394      49010      97404      48768      1.0003     1.0003     1.0003     1.0001      0.60    37867.6998 38345.9239 76213.6237 37921.0697 38396.9285 76317.9981 130899.70 
368999910.00    1567       790        2357      48433      49210      97643      48433      49210      97643      97643      1.0003     1.0003     1.0004     1.0002      0.60    37886.6395 38487.9591 76374.5985 37886.6395 38487.9591 76374.5985 130899.70 
373099909.00    1640       916        2556      48360      49084      97444      48360      49084      97444      97444      1.0003     1.0001     1.0003     1.0002      0.60    37822.4385 38379.4839 76201.9225 37822.4385 38379.4839 76201.9225 130899.70 
377199908.00    1672       931        2603      48328      49069      97397      48328      49069      97397      97397      1.0003     1.0003     1.0003     1.0004      0.60    37801.4589 38374.4643 76175.9233 37801.4589 38374.4643 76175.9233 130899.70 
381299907.00    1575       894        2469      48425      49106      97531      48425      49106      97531      97531      1.0003     1.0003     1.0002     1.0001      0.60    37859.5708 38379.9758 76239.5466 37859.5708 38379.9758 76239.5466 130899.70 
385399906.00    1691       1092       2783      48309      48908      97217      48309      48908      97217      97217      1.0002     1.0003     1.0004     1.0000      0.60    37782.5187 38240.0319 76022.5506 37782.5187 38240.0319 76022.5506 130899.70 
389499905.00    1456       928        2384      48544      49072      97616      47637      48276      95913      48808      1.0001     1.0002     1.0001     1.0001      0.60    37266.5123 37761.1239 75027.6362 37977.8334 38385.3239 76363.1573 130899.70 
393599904.00    1742       1132       2874      48258      48868      97126      47361      48119      95480      48563      1.0002     1.0002     1.0002     1.0004      0.60    37039.6073 37625.3542 74664.9615 37742.4060 38212.1014 75954.5074 130899.70 
397699903.00    1781       1070       2851      48219      48930      97149      47852      48618      96470      48574      1.0002     1.0000     1.0002     1.0002      0.60    37395.2321 37982.2433 75377.4754 37682.9983 38226.7224 75909.7207 130899.70 
401799902.00    1648       1040       2688      48352      48960      97312      48352      48960      97312      97312      1.0002     1.0002     1.0002     1.0004      0.60    37808.6789 38274.7304 76083.4093 37808.6789 38274.7304 76083.4093 130899.70 
405899901.00    1755       1102       2857      48245      48898      97143      48245      48898      97143      97143      1.0002     1.0005     1.0002     1.0002      0.60    37742.2258 38248.4487 75990.6745 37742.2258 38248.4487 75990.6745 130899.70 
409999900.00    1356       785        2141      48644      49215      97859      48644      49215      97859      97859      1.0002     1.0003     1.0002     1.0004      0.60    38064.9748 38506.3866 76571.3613 38064.9748 38506.3866 76571.3613 130899.70 
414099899.00    1347       863        2210      48653      49137      97790      48653      49137      97790      97790      1.0003     1.0002     1.0003     1.0001      0.60    38062.9280 38435.4486 76498.3766 38062.9280 38435.4486 76498.3766 130899.70 
418199898.00    1967       1260       3227      48033      48740      96773      47977      48688      96665      48386      1.0002     1.0000     1.0002     1.0002      0.60    37522.5686 38071.0167 75593.5853 37566.5308 38111.8020 75678.3328 130899.70 
422299897.00    1744       948        2692      48256      49052      97308      48127      48969      97096      48654      1.0004     1.0001     1.0000     1.0002      0.60    37629.2405 38281.9393 75911.1798 37730.4514 38347.0589 76077.5103 130899.70 
426399896.00    1741       1086       2827      48259      48914      97173      48259      48914      97173      97173      1.0001     1.0002     1.0002     1.0003      0.60    37750.0621 38255.8704 76005.9325 37750.0621 38255.8704 76005.9325 130899.70 
430499895.00    1829       1239       3068      48171      48761      96932      47716      48345      96061      32310      1.0002     1.0002     1.0002     1.0001      0.60    37292.9570 37773.9233 75066.8803 37649.6505 38100.0182 75749.6688 130899.70 
434599894.00    1367       733        2100      48633      49267      97900      48633      49267      97900      97900      1.0001     1.0003     1.0001     1.0002      0.60    38024.4912 38512.2127 76536.7039 38024.4912 38512.2127 76536.7039 130899.70 
438699893.00    1703       1004       2707      48297      48996      97293      47748      48430      96178      48646      1.0004     1.0002     1.0001     1.0003      0.60    37331.8976 37854.8791 75186.7767 37762.2268 38298.1464 76060.3732 130899.70 
442799892.00    1521       836        2357      48479      49164      97643      48479      49164      97643      97643      1.0001     1.0000     1.0001     1.0003      0.60    37907.9311 38440.6148 76348.5459 37907.9311 38440.6148 76348.5459 130899.70 
446899891.00    1695       1090       2785      48305      48910      97215      48305      48910      97215      97215      1.0001     1.0003     1.0001     1.0004      0.60    37759.6201 38222.7949 75982.4151 37759.6201 38222.7949 75982.4151 130899.70 
450999890.00    2135       1367       3502      47865      48633      96498      47377      48193      95570      48249      1.0003     1.0000     1.0003     1.0001      0.60    37023.0542 37654.5053 74677.5594 37405.5986 37999.1628 75404.7615 130899.70 
455099889.00    2031       1340       3371      47969      48660      96629      47969      48660      96629      96629      1.0003     1.0003     1.0003     1.0003      0.60    37473.6610 38002.6421 75476.3031 37473.6610 38002.6421 75476.3031 130899.70 
459199888.00    1633       986        2619      48367      49014      97381      48367      49014      97381      97381      1.0002     1.0002     1.0001     1.0002      0.60    37809.2841 38306.5100 76115.7941 37809.2841 38306.5100 76115.7941 130899.70 
463299887.00    1587       940        2527      48413      49060      97473      48413      49060      97473      97473      1.0003     1.0003     1.0003     1.0005      0.60    37873.7927 38376.4578 76250.2506 37873.7927 38376.4578 76250.2506 130899.70 
467399886.00    1697       1055       2752      48303      48945      97248      48303      48945      97248      97248      1.0004     1.0001     1.0004     1.0004      0.60    37791.2502 38283.9964 76075.2466 37791.2502 38283.9964 76075.2466 130899.70 
471499885.00    1577       920        2497      48423      49080      97503      48423      49080      97503      97503      1.0003     1.0005     1.0003     1.0004      0.60    37881.1262 38388.9549 76270.0811 37881.1262 38388.9549 76270.0811 130899.70 
475599884.00    1843       1219       3062      48157      48781      96938      47735      48381      96116      48469      1.0000     1.0000     1.0000     1.0003      0.60    37339.3490 37837.7034 75177.0524 37670.1161 38151.1963 75821.3124 130899.70 
479699883.00    1986       1267       3253      48014      48733      96747      46643      47460      94103      32249      1.0002     1.0002     1.0002     1.0000      0.60    36475.2966 37108.9226 73584.2192 37549.9283 38106.7779 75656.7063 130899.70 
483799882.00    2013       1255       3268      47987      48745      96732      46757      47641      94398      24183      1.0001     1.0001     1.0001     1.0002      0.60    36532.9611 37215.1047 73748.0658 37497.5712 38080.7261 75578.2973 130899.70 
487899881.00    1948       1087       3035      48052      48913      96965      48052      48913      96965      96965      1.0003     1.0003     1.0002     1.0003      0.60    37573.3894 38236.1682 75809.5576 37573.3894 38236.1682 75809.5576 130899.70 
491999880.00    1465       861        2326      48535      49139      97674      48535      49139      97674      97674      1.0003     1.0001     1.0003     1.0002      0.60    37977.1282 38444.0667 76421.1949 37977.1282 38444.0667 76421.1949 130899.70 
496099879.00    1620       947        2567      48380      49053      97433      48380      49053      97433      97433      1.0002     1.0004     1.0002     1.0000      0.60    37857.6010 38375.5889 76233.1899 37857.6010 38375.5889 76233.1899 130899.70 
500199878.00    1432       834        2266      48568      49166      97734      48568      49166      97734      97734      1.0003     1.0002     1.0003     1.0003      0.60    37989.6729 38451.4024 76441.0753 37989.6729 38451.4024 76441.0753 130899.70 
504299877.00    1537       980        2517      48463      49020      97483      48463      49020      97483      97483      1.0001     1.0003     1.0001     1.0004      0.60    37918.6098 38348.2766 76266.8864 37918.6098 38348.2766 76266.8864 130899.70 
508399876.00    1605       1056       2661      48395      48944      97339      48395      48944      97339      97339      1.0003     1.0003     1.0001     1.0002      0.60    37847.5186 38264.6987 76112.2173 37847.5186 38264.6987 76112.2173 130899.70 
512499875.00    1905       1088       2993      48095      48912      97007      47280      48150      95430      48503      1.0001     1.0001     1.0001     1.0000      0.60    36978.2229 37649.6125 74627.8354 37617.2232 38247.0062 75864.2294 130899.70 
516599874.00    1853       1124       2977      48147      48876      97023      47437      48196      95633      32341      1.0004     1.0004     1.0001     1.0003      0.60    37093.0571 37683.0687 74776.1258 37649.7205 38216.1702 75865.8907 130899.70 
520699873.00    2004       1227       3231      47996      48773      96769      47996      48773      96769      96769      1.0004     1.0004     1.0003     1.0002      0.60    37530.6753 38132.9591 75663.6344 37530.6753 38132.9591 75663.6344 130899.70 
524799872.00    2017       1164       3181      47983      48836      96819      47732      48623      96355      48409      1.0000     1.0000     1.0003     1.0000      0.60    37297.7840 37983.2046 75280.9886 37494.6245 38150.2449 75644.8694 130899.70 
528899871.00    1589       879        2468      48411      49121      97532      48411      49121      97532      97532      1.0002     1.0001     1.0001     1.0004      0.60    37846.2458 38395.6778 76241.9236 37846.2458 38395.6778 76241.9236 130899.70 
532999870.00    1814       1140       2954      48186      48860      97046      46933      47809      94742      24261      1.0002     1.0003     1.0002     1.0002      0.60    36702.6290 37378.1290 74080.7580 37684.9210 38201.8018 75886.7228 130899.70 
537099869.00    1798       1016       2814      48202      48984      97186      47583      48471      96054      48593      1.0002     1.0002     1.0002     1.0000      0.60    37196.4974 37882.2625 75078.7598 37681.9200 38284.4186 75966.3385 130899.70 
541199868.00    1969       1011       2980      48031      48989      97020      47577      48538      96115      48510      1.0001     1.0001     1.0001     0.9999      0.60    37190.9073 37931.3044 75122.2118 37546.5556 38284.8836 75831.4392 130899.70 
545299867.00    1674       970        2644      48326      49030      97356      48221      48935      97156      48678      1.0002     1.0001     1.0002     1.0001      0.60    37718.1101 38269.1768 75987.2869 37800.5116 38343.7116 76144.2232 130899.70 
549399866.00    1617       918        2535      48383      49082      97465      48383      49082      97465      97465      1.0003     1.0003     1.0003     0.9998      0.60    37840.2181 38379.2716 76219.4897 37840.2181 38379.2716 76219.4897 130899.70 
553499865.00    1790       1111       2901      48210      48889      97099      48019      48710      96729      48549      1.0001     1.0003     1.0001     1.0003      0.60    37572.9791 38106.5885 75679.5676 37722.7985 38246.9527 75969.7513 130899.70 
557599864.00    1544       923        2467      48456      49077      97533      47579      48261      95840      32511      1.0001     1.0002     1.0001     1.0001      0.60    37220.6640 37746.4079 74967.0719 37908.2271 38386.1758 76294.4029 130899.70 
561699863.00    1670       1022       2692      48330      48978      97308      48330      48978      97308      97308      1.0001     1.0001     1.0001     1.0001      0.60    37811.7752 38313.7945 76125.5696 37811.7752 38313.7945 76125.5696 130899.70 
565799862.00    1533       883        2416      48467      49117      97584      48467      49117      97584      97584      1.0002     1.0002     1.0002     1.0003      0.60    37922.6751 38427.3777 76350.0528 37922.6751 38427.3777 76350.0528 130899.70 
569899861.00    1758       1109       2867      48242      48891      97133      48242      48891      97133      97133      1.0001     1.0001     1.0003     1.0003      0.60    37745.2268 38248.4889 75993.7158 37745.2268 38248.4889 75993.7158 130899.70 
573999860.00    1774       1016       2790      48226      48984      97210      48226      48984      97210      97210      1.0004     1.0004     1.0004     1.0004      0.60    37702.7110 38289.7566 75992.4676 37702.7110 38289.7566 75992.4676 130899.70 
578099859.00    1489       917        2406      48511      49083      97594      48511      49083      97594      97594      1.0001     1.0001     1.0002     1.0000      0.60    37929.3015 38367.1308 76296.4322 37929.3015 38367.1308 76296.4322 130899.70 
582199858.00    1927       1149       3076      48073      48851      96924      48073      48851      96924      96924      1.0002     1.0002     1.0002     1.0003      0.60    37588.6924 38187.8971 75776.5894 37588.6924 38187.8971 75776.5894 130899.70 
586299857.00    1744       1046       2790      48256      48954      97210      48256      48954      97210      97210      1.0001     1.0003     1.0001     1.0000      0.60    37725.0268 38259.3702 75984.3970 37725.0268 38259.3702 75984.3970 130899.70 
590399856.00    2010       1217       3227      47990      48783      96773      47990      48783      96773      96773      1.0004     0.9999     1.0004     1.0002      0.60    37518.2243 38126.8858 75645.1100 37518.2243 38126.8858 75645.1100 130899.70 
594499855.00    1747       952        2699      48253      49048      97301      48253      49048      97301      97301      1.0000     1.0000     1.0000     1.0000      0.60    37741.2779 38353.8323 76095.1102 37741.2779 38353.8323 76095.1102 130899.70 
598599854.00    1433       833        2266      48567      49167      97734      48567      49167      97734      97734      1.0001     1.0003     1.0001     1.0001      0.60    38002.9853 38465.1210 76468.1064 38002.9853 38465.1210 76468.1064 130899.70 
602699853.00    1943       1161       3104      48057      48839      96896      47690      48562      96252      48448      1.0002     1.0003     1.0001     1.0003      0.60    37286.9344 37964.4951 75251.4295 37574.7576 38181.7256 75756.4832 130899.70 
606799852.00    1518       907        2425      48482      49093      97575      48482      49093      97575      97575      1.0002     1.0002     1.0002     1.0000      0.60    37926.7347 38399.3808 76326.1155 37926.7347 38399.3808 76326.1155 130899.70 
610899851.00    1479       894        2373      48521      49106      97627      48521      49106      97627      97627      1.0002     1.0002     1.0002     1.0004      0.60    37953.9357 38401.5522 76355.4879 37953.9357 38401.5522 76355.4879 130899.70 
614999850.00    1426       858        2284      48574      49142      97716      48494      49069      97563      48858      1.0002     1.0002     1.0004     1.0001      0.60    37944.6555 38386.4911 76331.1466 38007.4075 38443.7402 76451.1477 130899.70 
619099849.00    1749       1027       2776      48251      48973      97224      48251      48973      97224      97224      1.0003     1.0001     1.0003     1.0002      0.60    37720.4866 38275.7840 75996.2707 37720.4866 38275.7840 75996.2707 130899.70 
623199848.00    1519       897        2416      48481      49103      97584      48185      48818      97003      48792      1.0003     1.0000     1.0003     1.0002      0.60    37688.6325 38173.9902 75862.6228 37920.8415 38397.5297 76318.3712 130899.70 
627299847.00    1624       916        2540      48376      49084      97460      48376      49084      97460      97460      1.0002     1.0002     1.0002     1.0002      0.60    37832.6120 38377.1682 76209.7802 37832.6120 38377.1682 76209.7802 130899.70 
631399846.00    1543       934        2477      48457      49066      97523      48457      49066      97523      97523      1.0002     1.0004     1.0001     0.9999      0.60    37901.2249 38370.2166 76271.4415 37901.2249 38370.2166 76271.4415 130899.70 
635499845.00    1641       939        2580      48359      49061      97420      48220      48930      97150      48710      1.0002     1.0004     1.0001     1.0002      0.60    37728.4919 38278.5181 76007.0100 37837.5698 38381.3073 76218.8771 130899.70 
639599844.00    1757       1046       2803      48243      48954      97197      48243      48954      97197      97197      1.0001     1.0001     1.0000     1.0001      0.60    37757.1779 38304.8546 76062.0326 37757.1779 38304.8546 76062.0326 130899.70 
643699843.00    1698       1051       2749      48302      48949      97251      48302      48949      97251      97251      1.0001     1.0001     1.0001     1.0002      0.60    37784.5509 38285.1670 76069.7179 37784.5509 38285.1670 76069.7179 130899.70 
647799842.00    1520       945        2465      48480      49055      97535      48480      49055      97535      97535      1.0003     1.0003     1.0002     1.0001      0.60    37929.0288 38368.7146 76297.7434 37929.0288 38368.7146 76297.7434 130899.70 
651899841.00    1990       1210       3200      48010      48790      96800      47810      48598      96408      48400      1.0002     1.0002     1.0002     1.0001      0.60    37378.9318 37985.2200 75364.1518 37535.8095 38135.7671 75671.5767 130899.70 
655999840.00    2073       1140       3213      47927      48860      96787      47788      48749      96537      48393      1.0003     1.0003     1.0002     1.0001      0.60    37342.4729 38087.2291 75429.7020 37451.5284 38174.2624 75625.7907 130899.70 
660099839.00    1596       952        2548      48404      49048      97452      48404      49048      97452      97452      1.0002     1.0002     1.0002     1.0001      0.60    37863.0659 38358.8759 76221.9418 37863.0659 38358.8759 76221.9418 130899.70 
664199838.00    1588       947        2535      48412      49053      97465      48318      48980      97298      48732      1.0000     1.0003     1.0000     1.0004      0.60    37808.9484 38317.2606 76126.2091 37882.6796 38374.5307 76257.2103 130899.70 
668299837.00    1825       1058       2883      48175      48942      97117      48175      48942      97117      97117      1.0003     1.0003     1.0001     1.0003      0.60    37679.1900 38271.7160 75950.9061 37679.1900 38271.7160 75950.9061 130899.70 
672399836.00    1864       1089       2953      48136      48911      97047      48136      48911      97047      97047      1.0003     0.9999     0.9999     1.0003      0.60    37642.5829 38243.0783 75885.6612 37642.5829 38243.0783 75885.6612 130899.70 
676499835.00    1625       863        2488      48375      49137      97512      48375      49137      97512      97512      1.0001     1.0004     1.0001     1.0001      0.60    37832.9987 38418.8472 76251.8460 37832.9987 38418.8472 76251.8460 130899.70 
680599834.00    1559       847        2406      48441      49153      97594      48441      49153      97594      97594      1.0001     1.0002     1.0001     1.0001      0.60    37908.2976 38460.6733 76368.9709 37908.2976 38460.6733 76368.9709 130899.70 
684699833.00    1928       1261       3189      48072      48739      96811      48072      48739      96811      96811      1.0003     1.0001     1.0003     1.0003      0.60    37605.1277 38120.1690 75725.2967 37605.1277 38120.1690 75725.2967 130899.70 
688799832.00    1524       903        2427      48476      49097      97573      48476      49097      97573      97573      1.0001     1.0001     1.0001     1.0003      0.60    37905.7354 38380.0211 76285.7565 37905.7354 38380.0211 76285.7565 130899.70 
692899831.00    1582       892        2474      48418      49108      97526      48418      49108      97526      97526      1.0004     1.0003     1.0001     1.0004      0.60    37896.9195 38429.8487 76326.7682 37896.9195 38429.8487 76326.7682 130899.70 
696999830.00    1662       1042       2704      48338      48958      97296      48259      48890      97149      48648      1.0001     1.0003     1.0001     1.0001      0.60    37751.3857 38232.8009 75984.1865 37813.3896 38286.1693 76099.5589 130899.70 
701099829.00    1686       996        2682      48314      49004      97318      48255      48946      97201      48659      1.0004     1.0000     1.0004     1.0002      0.60    37737.9509 38274.1363 76012.0872 37784.2583 38319.6608 76103.9192 130899.70 
705199828.00    1548       1004       2552      48452      48996      97448      48452      48996      97448      97448      1.0002     1.0000     1.0003     1.0002      0.60    37878.2519 38294.9061 76173.1580 37878.2519 38294.9061 76173.1580 130899.70 
709299827.00    1976       1249       3225      48024      48751      96775      48024      48751      96775      96775      1.0003     1.0003     1.0004     1.0003      0.60    37576.1254 38139.6347 75715.7601 37576.1254 38139.6347 75715.7601 130899.70 
713399826.00    1747       927        2674      48253      49073      97326      47508      48426      95934      48663      1.0000     1.0000     1.0003     1.0001      0.60    37145.9901 37856.0403 75002.0304 37729.8189 38362.9699 76092.7888 130899.70 
717499825.00    1821       1067       2888      48179      48933      97112      48179      48933      97112      97112      1.0001     1.0004     1.0001     1.0000      0.60    37677.7226 38261.0194 75938.7420 37677.7226 38261.0194 75938.7420 130899.70 
721599824.00    1642       931        2573      48358      49069      97427      48358      49069      97427      97427      1.0003     1.0001     1.0003     1.0003      0.60    37803.8496 38347.0954 76150.9450 37803.8496 38347.0954 76150.9450 130899.70 
725699823.00    1876       1222       3098      48124      48778      96902      48124      48778      96902      96902      1.0003     1.0003     1.0003     1.0002      0.60    37644.2838 38148.2240 75792.5078 37644.2838 38148.2240 75792.5078 130899.70 
729799822.00    1977       1210       3187      48023      48790      96813      48023      48790      96813      96813      1.0002     1.0003     1.0002     1.0004      0.60    37548.6209 38141.6930 75690.3139 37548.6209 38141.6930 75690.3139 130899.70 
733899821.00    1977       1068       3045      48023      48932      96955      48023      48932      96955      96955      1.0001     1.0001     1.0000     1.0003      0.60    37535.2077 38237.3471 75772.5548 37535.2077 38237.3471 75772.5548 130899.70 
737999820.00    2208       1312       3520      47792      48688      96480      47068      48018      95086      32160      1.0001     1.0003     1.0003     1.0001      0.60    36775.0291 37506.6611 74281.6902 37342.8472 38032.0453 75374.8925 130899.70 
742099819.00    1716       874        2590      48284      49126      97410      47968      48844      96812      48705      1.0001     1.0002     1.0001     0.9999      0.60    37479.8690 38155.7592 75635.6282 37727.7065 38376.9213 76104.6278 130899.70 
746199818.00    2033       1301       3334      47967      48699      96666      47815      48571      96386      48333      1.0001     1.0001     1.0004     1.0001      0.60    37374.7792 37957.7736 75332.5527 37494.0842 38058.2359 75552.3201 130899.70 
750299817.00    1527       834        2361      48473      49166      97639      48473      49166      97639      97639      1.0003     1.0002     1.0003     1.0000      0.60    37895.8096 38432.0817 76327.8913 37895.8096 38432.0817 76327.8913 130899.70 
754399816.00    1746       996        2742      48254      49004      97258      48254      49004      97258      97258      1.0002     1.0002     1.0001     1.0002      0.60    37731.4366 38313.1915 76044.6281 37731.4366 38313.1915 76044.6281 130899.70 
758499815.00    1820       1037       2857      48180      48963      97143      47982      48788      96770      48571      1.0002     1.0000     1.0002     1.0004      0.60    37531.0133 38155.4302 75686.4435 37686.3540 38292.7450 75979.0991 130899.70 
762599814.00    1650       879        2529      48350      49121      97471      48350      49121      97471      97471      1.0004     1.0004     1.0004     1.0004      0.60    37812.3085 38407.0031 76219.3116 37812.3085 38407.0031 76219.3116 130899.70 
766699813.00    1697       946        2643      48303      49054      97357      48303      49054      97357      97357      1.0002     1.0003     1.0002     1.0002      0.60    37774.3745 38352.8391 76127.2136 37774.3745 38352.8391 76127.2136 130899.70 
770799812.00    1582       895        2477      48418      49105      97523      47956      48697      96653      48761      1.0002     1.0002     1.0001     1.0001      0.60    37519.5875 38090.3026 75609.8901 37881.8646 38410.2304 76292.0950 130899.70 
774899811.00    2063       1314       3377      47937      48686      96623      47937      48686      96623      96623      1.0001     1.0004     1.0001     1.0000      0.60    37479.8996 38060.2199 75540.1194 37479.8996 38060.2199 75540.1194 130899.70 
778999810.00    2012       1118       3130      47988      48882      96870      47906      48813      96719      48435      1.0003     1.0001     1.0003     1.0000      0.60    37464.1928 38166.5776 75630.7704 37528.5048 38220.6685 75749.1733 130899.70 
783099809.00    1530       833        2363      48470      49167      97637      48470      49167      97637      97637      1.0004     1.0001     1.0004     1.0004      0.60    37918.0427 38457.2866 76375.3293 37918.0427 38457.2866 76375.3293 130899.70 
787199808.00    1491       805        2296      48509      49195      97704      48509      49195      97704      97704      1.0002     1.0002     1.0001     1.0002      0.60    37962.5450 38490.5139 76453.0588 37962.5450 38490.5139 76453.0588 130899.70 
791299807.00    1646       1022       2668      48354      48978      97332      48354      48978      97332      97332      1.0002     1.0002     1.0003     1.0002      0.60    37827.9222 38308.3788 76136.3010 37827.9222 38308.3788 76136.3010 130899.70 
795399806.00    1735       1009       2744      48265      48991      97256      48265      48991      97256      97256      1.0003     1.0003     1.0003     1.0000      0.60    37749.3005 38308.8152 76058.1157 37749.3005 38308.8152 76058.1157 130899.70 
799499805.00    1739       1002       2741      48261      48998      97259      48261      48998      97259      97259      1.0001     1.0002     1.0001     1.0001      0.60    37736.1814 38303.1770 76039.3584 37736.1814 38303.1770 76039.3584 130899.70 
803599804.00    2163       1338       3501      47837      48662      96499      47837      48662      96499      96499      1.0003     1.0003     1.0002     1.0004      0.60    37388.2866 38028.2224 75416.5089 37388.2866 38028.2224 75416.5089 130899.70 
807699803.00    1531       791        2322      48469      49209      97678      48469      49209      97678      97678      1.0003     1.0002     1.0000     1.0004      0.60    37888.8008 38457.9070 76346.7078 37888.8008 38457.9070 76346.7078 130899.70 
811799802.00    1688       957        2645      48312      49043      97355      48312      49043      97355      97355      1.0002     1.0000     1.0004     1.0002      0.60    37778.4525 38342.1122 76120.5647 37778.4525 38342.1122 76120.5647 130899.70 
815899801.00    1498       855        2353      48502      49145      97647      48445      49094      97539      48823      1.0002     1.0002     1.0003     1.0001      0.60    37912.8755 38415.8727 76328.7482 37957.6120 38455.8870 76413.4990 130899.70 
819999800.00    1609       893        2502      48391      49107      97498      48391      49107      97498      97498      1.0004     1.0004     1.0001     1.0004      0.60    37835.1554 38390.2484 76225.4038 37835.1554 38390.2484 76225.4038 130899.70 
824099799.00    1700       1044       2744      48300      48956      97256      47951      48655      96606      48628      1.0002     1.0001     1.0002     1.0002      0.60    37502.3651 38046.2783 75548.6435 37776.1437 38282.2955 76058.4392 130899.70 
828199798.00    1973       1093       3066      48027      48907      96934      48027      48907      96934      96934      1.0001     1.0001     1.0002     1.0001      0.60    37546.7616 38231.4089 75778.1706 37546.7616 38231.4089 75778.1706 130899.70 
832299797.00    1683       854        2537      48317      49146      97463      48317      49146      97463      97463      1.0003     1.0005     1.0003     1.0001      0.60    37797.1723 38440.8331 76238.0055 37797.1723 38440.8331 76238.0055 130899.70 
836399796.00    1545       878        2423      48455      49122      97577      48455      49122      97577      97577      1.0002     1.0002     1.0003     1.0002      0.60    37910.0281 38425.6608 76335.6889 37910.0281 38425.6608 76335.6889 130899.70 
840499795.00    1505       853        2358      48495      49147      97642      48495      49147      97642      97642      1.0003     1.0005     1.0001     1.0003      0.60    37932.7394 38436.4874 76369.2268 37932.7394 38436.4874 76369.2268 130899.70 
844599794.00    1505       890        2395      48495      49110      97605      48495      49110      97605      97605      1.0003     1.0004     1.0003     1.0003      0.60    37934.6599 38410.1939 76344.8537 37934.6599 38410.1939 76344.8537 130899.70 
848699793.00    1715       1040       2755      48285      48960      97245      47999      48679      96678      48622      1.0001     1.0001     1.0003     1.0001      0.60    37536.3612 38061.2697 75597.6309 37760.6174 38281.5794 76042.1968 130899.70 
852799792.00    1990       1126       3116      48010      48874      96884      47927      48822      96749      48442      1.0002     1.0000     1.0002     1.0001      0.60    37458.9568 38151.7706 75610.7273 37524.1079 38192.5851 75716.6930 130899.70 
856899791.00    1458       819        2277      48542      49181      97723      48542      49181      97723      97723      1.0003     1.0003     1.0003     1.0003      0.60    37934.0499 38421.7631 76355.8130 37934.0499 38421.7631 76355.8130 130899.70 
860999790.00    2065       1317       3382      47935      48683      96618      47588      48313      95901      32206      1.0002     1.0002     1.0003     1.0001      0.60    37207.9495 37765.8097 74973.7592 37480.1021 38055.8882 75535.9903 130899.70 
865099789.00    1794       1017       2811      48206      48983      97189      48206      48983      97189      97189      1.0001     1.0002     1.0000     1.0000      0.60    37662.0792 38258.9472 75921.0264 37662.0792 38258.9472 75921.0264 130899.70 
869199788.00    1413       758        2171      48587      49242      97829      48587      49242      97829      97829      1.0001     1.0003     1.0003     1.0000      0.60    38021.6675 38526.1846 76547.8521 38021.6675 38526.1846 76547.8521 130899.70 
873299787.00    1825       1131       2956      48175      48869      97044      47002      47854      94856      48522      1.0003     1.0002     1.0003     1.0003      0.60    36779.6991 37440.5325 74220.2316 37698.9475 38235.7586 75934.7060 130899.70 
877399786.00    1681       1097       2778      48319      48903      97222      47306      48058      95364      48611      1.0003     1.0003     1.0000     1.0002      0.60    36990.5118 37573.8812 74564.3930 37784.5466 38236.0748 76020.6214 130899.70 
881499785.00    2341       1495       3836      47659      48505      96164      47101      48036      95137      32054      1.0002     1.0001     1.0003     1.0002      0.60    36855.5329 37578.7130 74434.2459 37293.2230 37946.5681 75239.7911 130899.70 
885599784.00    2155       1217       3372      47845      48783      96628      47845      48783      96628      96628      1.0001     1.0002     1.0001     1.0001      0.60    37397.2560 38125.8878 75523.1438 37397.2560 38125.8878 75523.1438 130899.70 
889699783.00    1296       643        1939      48704      49357      98061      48704      49357      98061      98061      1.0003     1.0001     1.0003     1.0003      0.60    38117.4100 38618.8609 76736.2710 38117.4100 38618.8609 76736.2710 130899.70 
893799782.00    1708       1036       2744      48292      48964      97256      48292      48964      97256      97256      1.0002     1.0001     1.0002     1.0002      0.60    37779.2195 38297.4017 76076.6211 37779.2195 38297.4017 76076.6211 130899.70 
897899781.00    1618       947        2565      48382      49053      97435      47400      48104      95504      48717      1.0001     1.0004     1.0000     1.0005      0.60    37086.3392 37632.0136 74718.3528 37855.5292 38375.3386 76230.8678 130899.70 
901999780.00    1519       878        2397      48481      49122      97603      47725      48389      96114      48801      1.0003     1.0001     1.0005     1.0003      0.60    37329.7025 37840.0192 75169.7218 37922.2724 38414.5601 76336.8325 130899.70 
906099779.00    1857       1099       2956      48143      48901      97044      47528      48370      95898      32348      1.0000     1.0000     1.0002     1.0003      0.60    37165.5792 37816.8285 74982.4077 37647.9318 38233.2865 75881.2183 130899.70 
910199778.00    1866       1002       2868      48134      48998      97132      47901      48793      96694      48566      1.0003     1.0003     1.0002     1.0004      0.60    37465.1517 38158.8130 75623.9647 37647.8662 38319.5792 75967.4454 130899.70 
914299777.00    1649       886        2535      48351      49114      97465      48351      49114      97465      97465      1.0002     1.0002     1.0002     1.0002      0.60    37806.2300 38395.4369 76201.6669 37806.2300 38395.4369 76201.6669 130899.70 
918399776.00    1805       1139       2944      48195      48861      97056      48195      48861      97056      97056      1.0002     1.0001     1.0002     1.0002      0.60    37695.9144 38214.3526 75910.2671 37695.9144 38214.3526 75910.2671 130899.70 
922499775.00    1837       1016       2853      48163      48984      97147      48163      48984      97147      97147      1.0001     1.0001     1.0001     1.0000      0.60    37625.0434 38261.9963 75887.0397 37625.0434 38261.9963 75887.0397 130899.70 
926599774.00    1553       873        2426      48447      49127      97574      48447      49127      97574      97574      1.0001     1.0003     1.0001     0.9999      0.60    37876.4747 38399.1167 76275.5915 37876.4747 38399.1167 76275.5915 130899.70 
930699773.00    1488       865        2353      48512      49135      97647      48512      49135      97647      97647      1.0001     1.0001     1.0001     1.0001      0.60    37957.2737 38437.2955 76394.5693 37957.2737 38437.2955 76394.5693 130899.70 
934799772.00    1610       1003       2613      48390      48997      97387      48390      48997      97387      97387      1.0002     1.0002     1.0003     1.0002      0.60    37855.1431 38323.3504 76178.4935 37855.1431 38323.3504 76178.4935 130899.70 
938899771.00    1596       879        2475      48404      49121      97525      46938      47743      94681      48762      1.0004     1.0004     1.0002     1.0004      0.60    36714.9639 37337.2528 74052.2167 37864.0735 38417.1347 76281.2083 130899.70 
942999770.00    1884       1138       3022      48116      48862      96978      48116      48862      96978      96978      1.0002     1.0002     1.0001     1.0004      0.60    37617.2959 38187.1893 75804.4852 37617.2959 38187.1893 75804.4852 130899.70 
947099769.00    1678       943        2621      48322      49057      97379      47829      48551      96380      48689      1.0003     1.0003     1.0003     1.0001      0.60    37395.6881 37952.2053 75347.8934 37782.0959 38348.9351 76131.0310 130899.70 
951199768.00    1761       1147       2908      48239      48853      97092      48239      48853      97092      97092      1.0003     1.0003     1.0003     1.0001      0.60    37743.3840 38213.0585 75956.4426 37743.3840 38213.0585 75956.4426 130899.70 
955299767.00    1517       885        2402      48483      49115      97598      48483      49115      97598      97598      1.0002     1.0001     1.0002     1.0006      0.60    37926.8398 38408.0770 76334.9168 37926.8398 38408.0770 76334.9168 130899.70 
959399766.00    1855       1185       3040      48145      48815      96960      48145      48815      96960      96960      1.0000     1.0003     1.0000     1.0004      0.60    37649.9063 38166.7509 75816.6572 37649.9063 38166.7509 75816.6572 130899.70 
963499765.00    1702       956        2658      48298      49044      97342      48298      49044      97342      97342      1.0003     1.0000     1.0003     1.0003      0.60    37754.0385 38327.5968 76081.6353 37754.0385 38327.5968 76081.6353 130899.70 
967599764.00    1898       1212       3110      48102      48788      96890      48102      48788      96890      96890      1.0003     1.0000     1.0003     0.9999      0.60    37593.4632 38121.3929 75714.8561 37593.4632 38121.3929 75714.8561 130899.70 
971699763.00    1612       912        2524      48388      49088      97476      48388      49088      97476      97476      1.0001     1.0001     1.0001     1.0001      0.60    37846.4932 38386.6400 76233.1331 37846.4932 38386.6400 76233.1331 130899.70 
975799762.00    1529       876        2405      48471      49124      97595      48397      49083      97480      48797      1.0002     1.0004     1.0002     1.0002      0.60    37861.9539 38392.3841 76254.3380 37920.0288 38424.5569 76344.5857 130899.70 
979899761.00    1372       783        2155      48628      49217      97845      48628      49217      97845      97845      1.0004     1.0004     1.0004     1.0001      0.60    38037.5523 38488.7503 76526.3026 38037.5523 38488.7503 76526.3026 130899.70 
