 Timestep    Gas_A      Gas_B     Gas_tot    Dense_A    Dense_B   Dense_tot   Lc_numA    Lc_numB    Lg_clust     MCS       sigALL     sigAA      sigAB      sigBB      phiEff   Lc_area_A  Lc_area_B   lc_area   den_area_A den_area_B  den_area   Box_area 
   0.00      50000      50000      100000       0          0          0          5          6          11         0        1.0013     1.0035     1.0013     1.0032      0.60      3.9264     4.7124     8.6388     0.0000     0.0000     0.0000   130899.70 
4099999.00   10561       3328      13889      39439      46672      86111      31464      37284      68748      10763      1.0003     1.0004     1.0002     1.0003      0.60    24619.7957 29163.7359 53783.5316 30861.0912 36508.0590 67369.1502 130899.70 
8199998.00    6816       1819       8635      43184      48181      91365      38309      42815      81124      22841      1.0003     1.0001     1.0004     1.0003      0.60    29981.7130 33497.0367 63478.7496 33799.6392 37698.1836 71497.8228 130899.70 
12299997.00    5857       1611       7468      44143      48389      92532      43462      47770      91232      23133      1.0002     1.0002     1.0002     1.0005      0.60    34037.3398 37398.2146 71435.5545 34571.5367 37883.6694 72455.2061 130899.70 
16399996.00    5626       1479       7105      44374      48521      92895      44374      48521      92895      92895      1.0003     1.0003     1.0002     1.0003      0.60    34754.8230 37994.4121 72749.2351 34754.8230 37994.4121 72749.2351 130899.70 
20499995.00    5333       1603       6936      44667      48397      93064      44267      48024      92291      23266      1.0003     1.0005     1.0002     1.0003      0.60    34660.7145 37591.0601 72251.7747 34974.5971 37883.6369 72858.2340 130899.70 
24599994.00    5576       1748       7324      44424      48252      92676      44424      48252      92676      92676      1.0003     1.0007     1.0001     1.0002      0.60    34785.4786 37773.4055 72558.8841 34785.4786 37773.4055 72558.8841 130899.70 
28699993.00    5131       1409       6540      44869      48591      93460      44624      48374      92998      46730      1.0003     1.0002     1.0004     1.0002      0.60    34943.1246 37874.1768 72817.3014 35135.4334 38044.4686 73179.9020 130899.70 
32799992.00    5583       1460       7043      44417      48540      92957      43198      47344      90542      23239      1.0003     1.0004     1.0003     1.0003      0.60    33814.9721 37055.1930 70870.1651 34771.1757 37993.0651 72764.2409 130899.70 
36899991.00    4629       1242       5871      45371      48758      94129      44049      47473      91522      47064      1.0003     1.0006     1.0005     1.0003      0.60    34499.7332 37172.4681 71672.2013 35536.1986 38179.6364 73715.8351 130899.70 
40999990.00    5157       1544       6701      44843      48456      93299      43646      47301      90947      46649      1.0002     1.0002     1.0002     1.0002      0.60    34174.7899 37029.2481 71204.0380 35113.2472 37934.2163 73047.4635 130899.70 
45099989.00    5354       1542       6896      44646      48458      93104      40772      44238      85010      46552      1.0003     1.0001     1.0004     1.0002      0.60    31926.6649 34630.2149 66556.8798 34963.8239 37938.0444 72901.8683 130899.70 
49199988.00    4884       1163       6047      45116      48837      93953      44473      48246      92719      23488      1.0003     1.0004     1.0003     1.0003      0.60    34829.6217 37771.8336 72601.4552 35333.9611 38235.0462 73569.0073 130899.70 
53299987.00    5458       1518       6976      44542      48482      93024      44324      48292      92616      31008      1.0003     1.0006     1.0003     1.0003      0.60    34695.0814 37789.6649 72484.7463 34866.1545 37938.7557 72804.9102 130899.70 
57399986.00    4852       1030       5882      45148      48970      94118      45148      48970      94118      94118      1.0001     1.0005     1.0005     1.0001      0.60    35349.3359 38329.1569 73678.4929 35349.3359 38329.1569 73678.4929 130899.70 
61499985.00    4972       1336       6308      45028      48664      93692      44863      48526      93389      31230      1.0003     1.0002     1.0004     1.0003      0.60    35138.9933 37998.8687 73137.8620 35268.5005 38107.1713 73375.6717 130899.70 
65599984.00    4902       1169       6071      45098      48831      93929      45098      48831      93929      93929      1.0004     1.0004     1.0005     1.0002      0.60    35314.1374 38226.2506 73540.3880 35314.1374 38226.2506 73540.3880 130899.70 
69699983.00    4836       1355       6191      45164      48645      93809      45164      48645      93809      93809      1.0002     1.0002     1.0005     1.0003      0.60    35357.1703 38070.3099 73427.4802 35357.1703 38070.3099 73427.4802 130899.70 
73799982.00    5511       1770       7281      44489      48230      92719      44489      48230      92719      92719      1.0003     1.0002     1.0003     1.0001      0.60    34827.0904 37746.9691 72574.0595 34827.0904 37746.9691 72574.0595 130899.70 
77899981.00    4668       1217       5885      45332      48783      94115      45332      48783      94115      94115      1.0004     1.0004     1.0004     1.0003      0.60    35505.6230 38201.5656 73707.1886 35505.6230 38201.5656 73707.1886 130899.70 
81999980.00    5035       1323       6358      44965      48677      93642      44965      48677      93642      93642      1.0002     1.0003     1.0002     1.0002      0.60    35218.3874 38115.1576 73333.5450 35218.3874 38115.1576 73333.5450 130899.70 
86099979.00    4493       1110       5603      45507      48890      94397      45507      48890      94397      94397      1.0004     1.0003     1.0004     1.0001      0.60    35646.7536 38283.3575 73930.1111 35646.7536 38283.3575 73930.1111 130899.70 
90199978.00    4745       1346       6091      45255      48654      93909      45153      48593      93746      46954      1.0004     1.0004     1.0004     1.0004      0.60    35363.7050 38049.4051 73413.1101 35443.7685 38097.2789 73541.0474 130899.70 
94299977.00    5078       1532       6610      44922      48468      93390      43975      47626      91601      23347      1.0005     1.0005     1.0002     1.0002      0.60    34439.4442 37288.1213 71727.5655 35182.3757 37948.5244 73130.9002 130899.70 
98399976.00    5504       1740       7244      44496      48260      92756      43847      47571      91418      23189      1.0005     1.0004     1.0005     1.0005      0.60    34323.6139 37227.3923 71551.0062 34832.7959 37767.8437 72600.6397 130899.70 
102499975.00    5801       1530       7331      44199      48470      92669      43963      48236      92199      46334      1.0002     1.0003     1.0003     1.0002      0.60    34412.7660 37747.4926 72160.2587 34597.9599 37930.9889 72528.9488 130899.70 
106599974.00    5204       1208       6412      44796      48792      93588      44796      48792      93588      93588      1.0001     1.0001     1.0001     1.0003      0.60    35076.9226 38195.3714 73272.2941 35076.9226 38195.3714 73272.2941 130899.70 
110699973.00    5219       1668       6887      44781      48332      93113      44709      48256      92965      46556      1.0004     1.0003     1.0002     1.0003      0.60    35013.6215 37781.6640 72795.2855 35070.1308 37841.3136 72911.4444 130899.70 
114799972.00    4609       1089       5698      45391      48911      94302      45391      48911      94302      94302      1.0003     1.0006     1.0003     1.0003      0.60    35544.9283 38291.6389 73836.5672 35544.9283 38291.6389 73836.5672 130899.70 
118899971.00    4933       1354       6287      45067      48646      93713      45067      48646      93713      93713      1.0002     1.0001     1.0003     1.0002      0.60    35296.6706 38087.1458 73383.8164 35296.6706 38087.1458 73383.8164 130899.70 
122999970.00    5439       1481       6920      44561      48519      93080      43838      47802      91640      31026      1.0005     1.0004     1.0002     1.0004      0.60    34332.7826 37430.9054 71763.6880 34899.8740 37993.1083 72892.9823 130899.70 
127099969.00    5267       1277       6544      44733      48723      93456      43977      48087      92064      46728      1.0003     1.0004     1.0003     1.0005      0.60    34436.9160 37644.6905 72081.6065 35029.7133 38143.2245 73172.9379 130899.70 
131199968.00    5237       1410       6647      44763      48590      93353      44698      48531      93229      46676      1.0003     1.0003     1.0004     1.0003      0.60    35002.0924 37992.6045 72994.6969 35053.1155 38038.9111 73092.0266 130899.70 
135299967.00    4838       1287       6125      45162      48713      93875      45162      48713      93875      93875      1.0004     1.0003     1.0004     1.0004      0.60    35369.3027 38137.6782 73506.9809 35369.3027 38137.6782 73506.9809 130899.70 
139399966.00    4708       1219       5927      45292      48781      94073      45292      48781      94073      94073      1.0003     1.0003     1.0002     1.0005      0.60    35466.1374 38188.9793 73655.1166 35466.1374 38188.9793 73655.1166 130899.70 
143499965.00    5025       1394       6419      44975      48606      93581      44577      48238      92815      31193      1.0002     1.0002     1.0005     1.0002      0.60    34894.6977 37749.8294 72644.5271 35206.9719 38038.5111 73245.4830 130899.70 
147599964.00    5052       1424       6476      44948      48576      93524      44948      48576      93524      93524      1.0003     1.0005     1.0003     1.0002      0.60    35198.7407 38024.3525 73223.0932 35198.7407 38024.3525 73223.0932 130899.70 
151699963.00    4828       1357       6185      45172      48643      93815      45172      48643      93815      93815      1.0001     1.0005     1.0003     1.0001      0.60    35364.7946 38072.1448 73436.9394 35364.7946 38072.1448 73436.9394 130899.70 
155799962.00    4193       982        5175      45807      49018      94825      45807      49018      94825      94825      1.0003     1.0003     1.0003     1.0003      0.60    35873.4946 38374.9647 74248.4593 35873.4946 38374.9647 74248.4593 130899.70 
159899961.00    4734       1428       6162      45266      48572      93838      45052      48395      93447      46919      1.0002     1.0004     1.0003     1.0003      0.60    35276.9871 37884.4734 73161.4605 35444.9040 38023.3399 73468.2439 130899.70 
163999960.00    4366       1122       5488      45634      48878      94512      45634      48878      94512      94512      1.0004     1.0002     1.0004     1.0004      0.60    35719.0541 38247.3175 73966.3717 35719.0541 38247.3175 73966.3717 130899.70 
168099959.00    4666       1276       5942      45334      48724      94058      45334      48724      94058      94058      1.0002     1.0004     1.0002     1.0003      0.60    35485.2546 38127.4060 73612.6606 35485.2546 38127.4060 73612.6606 130899.70 
172199958.00    4590       1238       5828      45410      48762      94172      45410      48762      94172      94172      1.0004     1.0004     1.0004     1.0004      0.60    35548.7333 38159.9853 73708.7186 35548.7333 38159.9853 73708.7186 130899.70 
176299957.00    4476       1206       5682      45524      48794      94318      45206      48521      93727      47159      1.0004     1.0004     1.0004     1.0002      0.60    35403.0880 37987.8647 73390.9528 35652.5745 38201.9779 73854.5524 130899.70 
180399956.00    5466       1712       7178      44534      48288      92822      44534      48288      92822      92822      1.0003     1.0003     1.0002     1.0003      0.60    34869.8938 37799.2731 72669.1669 34869.8938 37799.2731 72669.1669 130899.70 
184499955.00    5116       1622       6738      44884      48378      93262      44884      48378      93262      93262      1.0002     1.0002     1.0002     1.0002      0.60    35144.3034 37868.5999 73012.9033 35144.3034 37868.5999 73012.9033 130899.70 
188599954.00    5326       1646       6972      44674      48354      93028      44493      48172      92665      46514      1.0002     1.0004     1.0003     1.0001      0.60    34812.3363 37677.5179 72489.8542 34954.3369 37820.2739 72774.6108 130899.70 
192699953.00    4630       1103       5733      45370      48897      94267      45370      48897      94267      94267      1.0003     1.0000     1.0003     1.0005      0.60    35516.2499 38266.7811 73783.0310 35516.2499 38266.7811 73783.0310 130899.70 
196799952.00    5339       1586       6925      44661      48414      93075      44661      48414      93075      93075      1.0003     1.0005     1.0003     1.0002      0.60    34968.2583 37896.9458 72865.2041 34968.2583 37896.9458 72865.2041 130899.70 
200899951.00    4937       1293       6230      45063      48707      93770      45063      48707      93770      93770      1.0004     1.0004     1.0004     1.0004      0.60    35283.5778 38128.9001 73412.4779 35283.5778 38128.9001 73412.4779 130899.70 
204999950.00    5192       1285       6477      44808      48715      93523      44714      48631      93345      46761      1.0004     1.0002     1.0003     1.0003      0.60    35012.8374 38068.4496 73081.2871 35086.5957 38134.3697 73220.9654 130899.70 
209099949.00    5315       1547       6862      44685      48453      93138      44152      48044      92196      31046      1.0003     1.0003     1.0003     1.0005      0.60    34572.7550 37608.4478 72181.2027 34990.9573 37929.3720 72920.3293 130899.70 
213199948.00    5665       1332       6997      44335      48668      93003      44335      48668      93003      93003      1.0002     1.0005     1.0000     1.0004      0.60    34703.5413 38083.9701 72787.5114 34703.5413 38083.9701 72787.5114 130899.70 
217299947.00    4974       1165       6139      45026      48835      93861      45026      48835      93861      93861      1.0004     1.0003     1.0004     1.0004      0.60    35263.4102 38234.2459 73497.6562 35263.4102 38234.2459 73497.6562 130899.70 
221399946.00    5070       1459       6529      44930      48541      93471      44234      47961      92195      46735      1.0004     1.0004     1.0004     1.0003      0.60    34630.7832 37538.5788 72169.3620 35176.8594 37993.5334 73170.3927 130899.70 
225499945.00    5197       1432       6629      44803      48568      93371      44177      48085      92262      31123      1.0003     1.0003     1.0004     1.0003      0.60    34588.4079 37634.4203 72222.8282 35079.5298 38013.1377 73092.6675 130899.70 
229599944.00    5232       1532       6764      44768      48468      93236      44768      48468      93236      93236      1.0004     1.0007     1.0003     1.0004      0.60    35051.6636 37939.4420 72991.1056 35051.6636 37939.4420 72991.1056 130899.70 
233699943.00    5301       1207       6508      44699      48793      93492      43531      47814      91345      46746      1.0003     1.0003     1.0004     1.0003      0.60    34081.3371 37422.6192 71503.9563 34997.5901 38190.3501 73187.9402 130899.70 
237799942.00    4885       1266       6151      45115      48734      93849      44151      48021      92172      46924      1.0002     1.0005     1.0002     1.0002      0.60    34577.2980 37596.1374 72173.4354 35333.3964 38155.1798 73488.5762 130899.70 
241899941.00    5142       1368       6510      44858      48632      93490      44267      48191      92458      31163      1.0004     1.0004     1.0003     1.0005      0.60    34655.0056 37718.0056 72373.0112 35118.6665 38063.8865 73182.5530 130899.70 
245999940.00    4949       1020       5969      45051      48980      94031      44604      48612      93216      47015      1.0003     1.0006     1.0003     1.0003      0.60    34919.0177 38048.5693 72967.5870 35269.5627 38337.0864 73606.6492 130899.70 
250099939.00    5296       1295       6591      44704      48705      93409      44704      48705      93409      93409      1.0003     1.0005     1.0001     1.0004      0.60    34997.7127 38116.3288 73114.0415 34997.7127 38116.3288 73114.0415 130899.70 
254199938.00    4556       922        5478      45444      49078      94522      43556      47468      91024      47261      1.0003     1.0003     1.0005     1.0002      0.60    34107.0092 37160.6170 71267.6262 35587.6454 38422.7454 74010.3908 130899.70 
258299937.00    5020       1356       6376      44980      48644      93624      43525      47476      91001      46812      1.0003     1.0002     1.0003     1.0003      0.60    34056.2316 37140.2827 71196.5143 35197.4212 38055.8974 73253.3186 130899.70 
262399936.00    5111       1365       6476      44889      48635      93524      44117      48076      92193      46762      1.0003     1.0006     1.0003     1.0004      0.60    34523.5005 37613.3558 72136.8563 35129.0581 38051.7758 73180.8339 130899.70 
266499935.00    4830       1174       6004      45170      48826      93996      44370      48268      92638      46998      1.0002     1.0001     1.0002     1.0002      0.60    34729.4217 37767.7863 72497.2079 35356.8821 38205.2738 73562.1559 130899.70 
270599934.00    4467       1086       5553      45533      48914      94447      43295      47137      90432      23611      1.0004     1.0004     1.0004     1.0003      0.60    33890.1775 36887.7616 70777.9391 35645.4202 38281.1439 73926.5641 130899.70 
274699933.00    4864       1234       6098      45136      48766      93902      43208      47232      90440      31300      1.0002     1.0002     1.0002     1.0003      0.60    33811.3746 36949.0369 70760.4115 35323.5143 38151.8462 73475.3605 130899.70 
278799932.00    5115       1222       6337      44885      48778      93663      44885      48778      93663      93663      1.0002     1.0004     1.0002     1.0000      0.60    35136.2408 38171.1874 73307.4282 35136.2408 38171.1874 73307.4282 130899.70 
282899931.00    5107       1135       6242      44893      48865      93758      44893      48865      93758      93758      1.0003     1.0003     1.0003     1.0003      0.60    35131.7969 38228.0536 73359.8506 35131.7969 38228.0536 73359.8506 130899.70 
286999930.00    4886       1126       6012      45114      48874      93988      45114      48874      93988      93988      1.0003     1.0003     1.0002     1.0003      0.60    35316.3655 38247.5170 73563.8825 35316.3655 38247.5170 73563.8825 130899.70 
291099929.00    5001       1235       6236      44999      48765      93764      43460      47403      90863      31254      1.0002     1.0004     1.0002     1.0002      0.60    34024.0665 37096.7040 71120.7706 35230.9820 38164.4990 73395.4811 130899.70 
295199928.00    4851       1243       6094      45149      48757      93906      45017      48655      93672      46953      1.0003     1.0001     1.0003     1.0003      0.60    35240.1758 38074.0662 73314.2420 35343.7555 38154.1029 73497.8583 130899.70 
299299927.00    5441       1522       6963      44559      48478      93037      44287      48229      92516      31012      1.0002     1.0002     1.0003     1.0002      0.60    34666.7857 37742.3538 72409.1395 34880.1404 37937.5257 72817.6661 130899.70 
303399926.00    5010       1004       6014      44990      48996      93986      44990      48996      93986      93986      1.0001     1.0003     1.0001     1.0001      0.60    35223.2511 38348.7249 73571.9759 35223.2511 38348.7249 73571.9759 130899.70 
307499925.00    4824       1140       5964      45176      48860      94036      45176      48860      94036      94036      1.0004     1.0004     1.0002     1.0006      0.60    35373.2744 38244.4715 73617.7459 35373.2744 38244.4715 73617.7459 130899.70 
311599924.00    4866       1213       6079      45134      48787      93921      44713      48424      93137      31307      1.0004     1.0004     1.0004     1.0004      0.60    35001.9439 37895.4062 72897.3500 35332.3240 38180.2095 73512.5335 130899.70 
315699923.00    5139       1308       6447      44861      48692      93553      44634      48502      93136      31184      1.0003     1.0001     1.0004     1.0003      0.60    34931.5110 37944.3548 72875.8658 35109.6581 38093.4031 73203.0612 130899.70 
319799922.00    4775       1115       5890      45225      48885      94110      45225      48885      94110      94110      1.0003     1.0002     1.0003     1.0004      0.60    35414.2033 38273.2574 73687.4607 35414.2033 38273.2574 73687.4607 130899.70 
323899921.00    4223       880        5103      45777      49120      94897      45777      49120      94897      94897      1.0003     1.0004     1.0003     1.0001      0.60    35843.4651 38448.8425 74292.3076 35843.4651 38448.8425 74292.3076 130899.70 
327999920.00    4879       1342       6221      45121      48658      93779      44892      48512      93404      46889      1.0004     1.0004     1.0003     1.0002      0.60    35150.2903 37970.4297 73120.7200 35329.9982 38084.9815 73414.9797 130899.70 
332099919.00    5350       1455       6805      44650      48545      93195      44240      48240      92480      31065      1.0004     1.0002     1.0004     1.0004      0.60    34629.6723 37753.9477 72383.6200 34951.4175 37993.1758 72944.5933 130899.70 
336199918.00    4850       1220       6070      45150      48780      93930      45150      48780      93930      93930      1.0003     1.0003     1.0004     1.0003      0.60    35357.6740 38190.1825 73547.8565 35357.6740 38190.1825 73547.8565 130899.70 
340299917.00    4925       1351       6276      45075      48649      93724      45075      48649      93724      93724      1.0004     1.0005     1.0004     1.0004      0.60    35302.4612 38087.1162 73389.5774 35302.4612 38087.1162 73389.5774 130899.70 
344399916.00    5132       1380       6512      44868      48620      93488      44868      48620      93488      93488      1.0003     1.0002     1.0002     1.0003      0.60    35134.2630 38060.9791 73195.2421 35134.2630 38060.9791 73195.2421 130899.70 
348499915.00    5640       1649       7289      44360      48351      92711      44360      48351      92711      92711      1.0003     1.0004     1.0001     1.0004      0.60    34725.6122 37839.5024 72565.1146 34725.6122 37839.5024 72565.1146 130899.70 
352599914.00    5429       1462       6891      44571      48538      93109      42371      46689      89060      23277      1.0002     1.0002     1.0003     1.0002      0.60    33171.9950 36543.3167 69715.3117 34897.3316 37992.8595 72890.1911 130899.70 
356699913.00    5780       1621       7401      44220      48379      92599      42624      46924      89548      18519      1.0005     1.0005     1.0005     1.0004      0.60    33371.4946 36730.7659 70102.2605 34623.5016 37871.8338 72495.3354 130899.70 
360799912.00    5699       1504       7203      44301      48496      92797      44023      48272      92295      46398      1.0004     1.0004     1.0004     1.0004      0.60    34469.5834 37785.9224 72255.5058 34687.6685 37961.6206 72649.2891 130899.70 
364899911.00    5578       1345       6923      44422      48655      93077      44367      48590      92957      46538      1.0002     0.9999     1.0002     1.0001      0.60    34727.5948 38020.9098 72748.5046 34770.7746 38071.9241 72842.6987 130899.70 
368999910.00    5434       1456       6890      44566      48544      93110      44566      48544      93110      93110      1.0003     1.0003     1.0003     1.0002      0.60    34902.1843 38007.4869 72909.6712 34902.1843 38007.4869 72909.6712 130899.70 
373099909.00    4866       1372       6238      45134      48628      93762      45045      48585      93630      46881      1.0003     1.0005     1.0003     1.0000      0.60    35279.9233 38044.8926 73324.8159 35349.7812 38078.6380 73428.4192 130899.70 
377199908.00    5285       1349       6634      44715      48651      93366      44152      48070      92222      46683      1.0002     1.0004     1.0003     1.0002      0.60    34570.2601 37626.6560 72196.9161 35011.7617 38082.2393 73094.0010 130899.70 
381299907.00    5311       1454       6765      44689      48546      93235      44689      48546      93235      93235      1.0003     1.0004     1.0003     1.0003      0.60    34992.2055 37999.9768 72992.1823 34992.2055 37999.9768 72992.1823 130899.70 
385399906.00    4786       1175       5961      45214      48825      94039      45214      48825      94039      94039      1.0004     1.0004     1.0004     1.0001      0.60    35413.8796 38230.1291 73644.0087 35413.8796 38230.1291 73644.0087 130899.70 
389499905.00    4995       1298       6293      45005      48702      93707      45005      48702      93707      93707      1.0004     1.0001     1.0004     1.0003      0.60    35238.8124 38123.6138 73362.4262 35238.8124 38123.6138 73362.4262 130899.70 
393599904.00    4397       1010       5407      45603      48990      94593      44930      48405      93335      47296      1.0005     1.0005     1.0005     1.0003      0.60    35191.4793 37901.1513 73092.6306 35719.4559 38359.9251 74079.3810 130899.70 
397699903.00    4592       1136       5728      45408      48864      94272      45102      48596      93698      47136      1.0003     1.0003     1.0004     1.0000      0.60    35324.7651 38048.5296 73373.2947 35564.8134 38258.7592 73823.5726 130899.70 
401799902.00    4802       1184       5986      45198      48816      94014      44948      48601      93549      47007      1.0002     1.0005     1.0004     1.0002      0.60    35206.2976 38057.6411 73263.9388 35402.4775 38226.3239 73628.8014 130899.70 
405899901.00    4655       1327       5982      45345      48673      94018      45345      48673      94018      94018      1.0003     1.0002     1.0003     1.0004      0.60    35518.7838 38116.4414 73635.2252 35518.7838 38116.4414 73635.2252 130899.70 
409999900.00    5145       1425       6570      44855      48575      93430      44292      48011      92303      23357      1.0004     1.0005     1.0004     1.0003      0.60    34681.3520 37585.3625 72266.7145 35123.0437 38027.5784 73150.6221 130899.70 
414099899.00    4947       1174       6121      45053      48826      93879      45053      48826      93879      93879      1.0003     1.0002     1.0003     1.0003      0.60    35274.7466 38216.3072 73491.0538 35274.7466 38216.3072 73491.0538 130899.70 
418199898.00    4908       1219       6127      45092      48781      93873      45018      48709      93727      46936      1.0004     1.0001     1.0004     1.0003      0.60    35233.3674 38105.7190 73339.0864 35291.4475 38162.1931 73453.6406 130899.70 
422299897.00    5432       1857       7289      44568      48143      92711      43357      47176      90533      23177      1.0003     1.0003     1.0002     1.0003      0.60    33935.2008 36918.0228 70853.2236 34885.0616 37676.1905 72561.2522 130899.70 
426399896.00    4987       1123       6110      45013      48877      93890      44096      48190      92286      31296      1.0001     1.0005     1.0001     1.0001      0.60    34524.2563 37720.1066 72244.3629 35243.4507 38258.8307 73502.2814 130899.70 
430499895.00    5022       1300       6322      44978      48700      93678      44381      48174      92555      46839      1.0002     1.0005     1.0002     1.0002      0.60    34749.7085 37707.1138 72456.8223 35218.0032 38119.6097 73337.6129 130899.70 
434599894.00    5824       1852       7676      44176      48148      92324      44015      48035      92050      30774      1.0003     1.0003     1.0004     1.0003      0.60    34465.8211 37603.2116 72069.0327 34592.1969 37691.9173 72284.1142 130899.70 
438699893.00    5096       1028       6124      44904      48972      93876      44904      48972      93876      93876      1.0002     1.0002     1.0005     1.0002      0.60    35161.8188 38338.1562 73499.9750 35161.8188 38338.1562 73499.9750 130899.70 
442799892.00    5212       1301       6513      44788      48699      93487      44536      48528      93064      31162      1.0002     1.0005     1.0002     1.0002      0.60    34872.5304 37988.2236 72860.7539 35070.3033 38122.3825 73192.6859 130899.70 
446899891.00    4964       1172       6136      45036      48828      93864      45036      48828      93864      93864      1.0003     1.0004     1.0003     1.0002      0.60    35260.2039 38221.1552 73481.3591 35260.2039 38221.1552 73481.3591 130899.70 
450999890.00    4807       1256       6063      45193      48744      93937      45193      48744      93937      93937      1.0002     1.0004     1.0004     1.0002      0.60    35386.9735 38157.0250 73543.9985 35386.9735 38157.0250 73543.9985 130899.70 
455099889.00    4376       1019       5395      45624      48981      94605      45624      48981      94605      94605      1.0003     1.0005     1.0003     1.0006      0.60    35742.4408 38362.6816 74105.1224 35742.4408 38362.6816 74105.1224 130899.70 
459199888.00    5295       1483       6778      44705      48517      93222      44705      48517      93222      93222      1.0002     1.0004     1.0002     1.0002      0.60    35009.0537 37987.0673 72996.1210 35009.0537 37987.0673 72996.1210 130899.70 
463299887.00    4990       1213       6203      45010      48787      93797      45010      48787      93797      93797      1.0001     1.0005     1.0003     1.0001      0.60    35243.8416 38191.3579 73435.1995 35243.8416 38191.3579 73435.1995 130899.70 
467399886.00    5141       1259       6400      44859      48741      93600      44859      48741      93600      93600      1.0002     1.0003     1.0002     1.0002      0.60    35131.5048 38161.8224 73293.3273 35131.5048 38161.8224 73293.3273 130899.70 
471499885.00    5169       1338       6507      44831      48662      93493      44831      48662      93493      93493      1.0003     1.0003     1.0005     1.0003      0.60    35099.9864 38090.7666 73190.7530 35099.9864 38090.7666 73190.7530 130899.70 
475599884.00    5292       1500       6792      44708      48500      93208      44708      48500      93208      93208      1.0004     1.0001     1.0004     1.0003      0.60    35003.3499 37961.3360 72964.6859 35003.3499 37961.3360 72964.6859 130899.70 
479699883.00    5319       1420       6739      44681      48580      93261      44594      48464      93058      46630      1.0004     1.0006     1.0004     1.0003      0.60    34925.4665 37947.8994 72873.3659 34993.7238 38038.9066 73032.6303 130899.70 
483799882.00    5125       1394       6519      44875      48606      93481      44209      48073      92282      46740      1.0004     1.0004     1.0004     1.0002      0.60    34609.7355 37625.9087 72235.6441 35132.1657 38043.8912 73176.0569 130899.70 
487899881.00    4903       1228       6131      45097      48772      93869      44545      48335      92880      46934      1.0005     1.0003     1.0005     1.0005      0.60    34884.1480 37841.3288 72725.4769 35317.0947 38184.1102 73501.2049 130899.70 
491999880.00    5178       1309       6487      44822      48691      93513      44327      48294      92621      46756      1.0004     1.0004     1.0003     1.0005      0.60    34723.3373 37819.7355 72543.0729 35111.6115 38131.1066 73242.7181 130899.70 
496099879.00    5148       1410       6558      44852      48590      93442      44389      48275      92664      31147      1.0003     1.0003     1.0004     1.0005      0.60    34748.9056 37780.6153 72529.5209 35112.2227 38027.7645 73139.9871 130899.70 
500199878.00    5110       1219       6329      44890      48781      93671      44890      48781      93671      93671      1.0004     1.0005     1.0004     1.0002      0.60    35159.3290 38195.1773 73354.5063 35159.3290 38195.1773 73354.5063 130899.70 
504299877.00    5314       1373       6687      44686      48627      93313      44686      48627      93313      93313      1.0004     1.0004     1.0004     1.0004      0.60    34991.1779 38068.0591 73059.2370 34991.1779 38068.0591 73059.2370 130899.70 
508399876.00    5469       1441       6910      44531      48559      93090      44118      48197      92315      46545      1.0004     1.0003     1.0004     1.0004      0.60    34542.6751 37727.2317 72269.9069 34866.6527 38011.1085 72877.7612 130899.70 
512499875.00    4813       1142       5955      45187      48858      94045      45187      48858      94045      94045      1.0004     1.0003     1.0004     1.0004      0.60    35380.7214 38243.1847 73623.9061 35380.7214 38243.1847 73623.9061 130899.70 
516599874.00    4911       1328       6239      45089      48672      93761      45089      48672      93761      93761      1.0003     1.0003     1.0004     1.0003      0.60    35314.9252 38114.6289 73429.5541 35314.9252 38114.6289 73429.5541 130899.70 
520699873.00    5108       1507       6615      44892      48493      93385      44196      47798      91994      23346      1.0003     1.0003     1.0003     1.0002      0.60    34612.0173 37424.3305 72036.3478 35157.9340 37969.1551 73127.0890 130899.70 
524799872.00    4778       1323       6101      45222      48677      93899      42686      46221      88907      31299      1.0003     1.0003     1.0004     1.0002      0.60    33434.2318 36196.4774 69630.7093 35421.1800 38119.8066 73540.9866 130899.70 
528899871.00    5530       1636       7166      44470      48364      92834      42494      46416      88910      30944      1.0003     1.0004     1.0003     1.0003      0.60    33274.7637 36339.9354 69614.6991 34824.5919 37867.5100 72692.1019 130899.70 
532999870.00    5418       1295       6713      44582      48705      93287      42773      47035      89808      46643      1.0004     1.0004     1.0003     1.0002      0.60    33488.9953 36814.1852 70303.1805 34907.3764 38123.1971 73030.5735 130899.70 
537099869.00    5666       1735       7401      44334      48265      92599      41440      45459      86899      30866      1.0004     1.0005     1.0004     1.0002      0.60    32444.0331 35582.8783 68026.9114 34713.2535 37782.4638 72495.7173 130899.70 
541199868.00    5546       1520       7066      44454      48480      92934      43539      47732      91271      46467      1.0004     1.0004     1.0004     1.0003      0.60    34085.1463 37356.7774 71441.9237 34802.6889 37943.1220 72745.8109 130899.70 
545299867.00    6053       1751       7804      43947      48249      92196      42557      46998      89555      23049      1.0004     1.0004     1.0003     1.0003      0.60    33319.0146 36786.2993 70105.3139 34409.5184 37767.4749 72176.9933 130899.70 
549399866.00    5187       930        6117      44813      49070      93883      44001      48354      92355      46941      1.0004     1.0005     1.0003     1.0004      0.60    34449.9841 37846.6527 72296.6368 35086.9634 38408.2138 73495.1772 130899.70 
553499865.00    5019       1220       6239      44981      48780      93761      44981      48780      93761      93761      1.0003     1.0004     1.0003     1.0001      0.60    35226.0117 38189.5787 73415.5905 35226.0117 38189.5787 73415.5905 130899.70 
557599864.00    5385       1414       6799      44615      48586      93201      44615      48586      93201      93201      1.0002     1.0003     1.0002     1.0003      0.60    34930.2625 38028.1272 72958.3897 34930.2625 38028.1272 72958.3897 130899.70 
561699863.00    4826       1012       5838      45174      48988      94162      45174      48988      94162      94162      1.0003     1.0005     1.0003     1.0003      0.60    35367.1327 38341.3914 73708.5241 35367.1327 38341.3914 73708.5241 130899.70 
565799862.00    4706       1152       5858      45294      48848      94142      44893      48274      93167      47071      1.0004     1.0004     1.0001     1.0004      0.60    35146.2770 37784.8171 72931.0941 35460.6521 38234.5639 73695.2160 130899.70 
569899861.00    4700       1058       5758      45300      48942      94242      45300      48942      94242      94242      1.0002     1.0004     1.0003     1.0002      0.60    35466.0481 38308.2478 73774.2959 35466.0481 38308.2478 73774.2959 130899.70 
573999860.00    4679       1065       5744      45321      48935      94256      45321      48935      94256      94256      1.0002     1.0004     1.0001     1.0002      0.60    35494.5003 38311.5723 73806.0726 35494.5003 38311.5723 73806.0726 130899.70 
578099859.00    5215       1493       6708      44785      48507      93292      44785      48507      93292      93292      1.0004     1.0003     1.0004     1.0002      0.60    35066.5334 37971.8612 73038.3945 35066.5334 37971.8612 73038.3945 130899.70 
582199858.00    4960       1374       6334      45040      48626      93666      44542      48202      92744      31222      1.0002     1.0003     1.0002     1.0002      0.60    34880.8476 37735.8768 72616.7245 35271.6133 38068.4799 73340.0932 130899.70 
586299857.00    5348       1407       6755      44652      48593      93245      44376      48347      92723      31081      1.0002     1.0003     1.0002     1.0001      0.60    34744.0033 37841.7587 72585.7620 34960.6068 38034.7958 72995.4027 130899.70 
590399856.00    5042       1142       6184      44958      48858      93816      44958      48858      93816      93816      1.0002     1.0002     1.0005     1.0004      0.60    35197.3790 38243.2353 73440.6142 35197.3790 38243.2353 73440.6142 130899.70 
594499855.00    5338       1616       6954      44662      48384      93046      44390      48252      92642      46523      1.0003     1.0003     1.0004     1.0005      0.60    34757.0151 37769.8034 72526.8185 34970.4465 37873.3468 72843.7932 130899.70 
598599854.00    4999       1210       6209      45001      48790      93791      44408      48285      92693      46895      1.0002     1.0005     1.0002     1.0003      0.60    34770.0975 37790.7560 72560.8536 35235.2543 38186.7891 73422.0434 130899.70 
602699853.00    4762       1201       5963      45238      48799      94037      45238      48799      94037      94037      1.0005     1.0005     1.0005     1.0005      0.60    35434.3127 38209.7364 73644.0491 35434.3127 38209.7364 73644.0491 130899.70 
606799852.00    4837       1336       6173      45163      48664      93827      45026      48553      93579      46913      1.0005     1.0005     1.0002     1.0003      0.60    35268.2376 38020.1044 73288.3420 35375.7360 38107.2100 73482.9460 130899.70 
610899851.00    5312       1326       6638      44688      48674      93362      44688      48674      93362      93362      1.0003     1.0005     1.0002     1.0002      0.60    34987.0254 38100.2393 73087.2646 34987.0254 38100.2393 73087.2646 130899.70 
614999850.00    5208       1529       6737      44792      48471      93263      44792      48471      93263      93263      1.0003     1.0004     1.0003     1.0003      0.60    35074.3373 37946.8701 73021.2074 35074.3373 37946.8701 73021.2074 130899.70 
619099849.00    4645       1295       5940      45355      48705      94060      45281      48651      93932      47030      1.0005     1.0005     1.0005     1.0004      0.60    35471.0405 38101.4207 73572.4612 35529.1320 38143.7931 73672.9251 130899.70 
623199848.00    4586       1295       5881      45414      48705      94119      45414      48705      94119      94119      1.0003     1.0006     1.0003     1.0001      0.60    35558.9375 38121.6451 73680.5826 35558.9375 38121.6451 73680.5826 130899.70 
627299847.00    4675       1417       6092      45325      48583      93908      43286      46730      90016      46954      1.0004     1.0004     1.0002     1.0004      0.60    33901.4650 36587.3400 70488.8050 35497.8560 38037.8174 73535.6734 130899.70 
631399846.00    5208       1672       6880      44792      48328      93120      43178      46980      90158      31040      1.0004     1.0004     1.0004     1.0001      0.60    33801.7876 36769.4275 70571.2151 35067.6632 37826.5205 72894.1837 130899.70 
635499845.00    4903       1263       6166      45097      48737      93834      44681      48418      93099      46917      1.0005     1.0005     1.0004     1.0002      0.60    34979.3967 37892.5497 72871.9465 35305.7835 38142.7801 73448.5636 130899.70 
639599844.00    5232       1500       6732      44768      48500      93268      44586      48293      92879      46634      1.0005     1.0004     1.0003     1.0005      0.60    34904.0982 37795.2627 72699.3609 35046.8994 37957.5879 73004.4873 130899.70 
643699843.00    5345       1457       6802      44655      48543      93198      44655      48543      93198      93198      1.0003     1.0002     1.0003     1.0002      0.60    34943.9563 37973.4878 72917.4441 34943.9563 37973.4878 72917.4441 130899.70 
647799842.00    5257       1595       6852      44743      48405      93148      44743      48405      93148      93148      1.0002     1.0002     1.0002     1.0003      0.60    35024.5751 37876.3098 72900.8848 35024.5751 37876.3098 72900.8848 130899.70 
651899841.00    5105       1348       6453      44895      48652      93547      44895      48652      93547      93547      1.0004     1.0005     1.0004     1.0004      0.60    35143.4856 38070.1512 73213.6368 35143.4856 38070.1512 73213.6368 130899.70 
655999840.00    4934       1398       6332      45066      48602      93668      44716      48341      93057      46834      1.0003     1.0004     1.0003     1.0002      0.60    35011.3046 37833.4567 72844.7613 35285.9069 38038.1562 73324.0631 130899.70 
660099839.00    5423       1492       6915      44577      48508      93085      44478      48408      92886      46542      1.0003     1.0000     1.0003     1.0000      0.60    34825.6511 37891.4640 72717.1151 34903.3597 37969.9255 72873.2852 130899.70 
664199838.00    4912       1133       6045      45088      48867      93955      45088      48867      93955      93955      1.0003     1.0003     1.0002     1.0002      0.60    35293.4834 38237.9123 73531.3957 35293.4834 38237.9123 73531.3957 130899.70 
668299837.00    5006       1410       6416      44994      48590      93584      43713      47227      90940      46792      1.0002     1.0000     1.0002     1.0001      0.60    34225.7168 36966.0268 71191.7436 35229.7949 38034.1999 73263.9948 130899.70 
672399836.00    4910       1329       6239      45090      48671      93761      45090      48671      93761      93761      1.0003     1.0003     1.0003     1.0002      0.60    35301.9235 38091.3842 73393.3077 35301.9235 38091.3842 73393.3077 130899.70 
676499835.00    4972       1372       6344      45028      48628      93656      44463      48117      92580      46828      1.0003     1.0003     1.0003     1.0003      0.60    34788.7998 37634.3575 72423.1573 35232.1185 38035.2326 73267.3512 130899.70 
680599834.00    5100       1648       6748      44900      48352      93252      44900      48352      93252      93252      1.0002     1.0006     1.0002     1.0000      0.60    35150.7948 37842.1628 72992.9576 35150.7948 37842.1628 72992.9576 130899.70 
684699833.00    5310       1637       6947      44690      48363      93053      44023      47680      91703      46526      1.0004     1.0004     1.0002     1.0003      0.60    34457.2996 37312.3575 71769.6570 34980.4264 37847.9767 72828.4031 130899.70 
688799832.00    4874       1302       6176      45126      48698      93824      44655      48253      92908      46912      1.0002     1.0002     1.0002     1.0001      0.60    34966.0964 37774.1689 72740.2653 35335.6410 38123.2386 73458.8796 130899.70 
692899831.00    4779       1266       6045      45221      48734      93955      45221      48734      93955      93955      1.0004     1.0004     1.0003     1.0004      0.60    35409.9605 38150.9020 73560.8625 35409.9605 38150.9020 73560.8625 130899.70 
696999830.00    5088       1516       6604      44912      48484      93396      44912      48484      93396      93396      1.0002     1.0003     1.0006     1.0002      0.60    35164.2021 37949.6586 73113.8607 35164.2021 37949.6586 73113.8607 130899.70 
701099829.00    5057       1423       6480      44943      48577      93520      44613      48248      92861      46760      1.0003     1.0002     1.0003     1.0005      0.60    34913.4913 37741.2770 72654.7683 35171.9103 37998.9688 73170.8791 130899.70 
705199828.00    5602       1678       7280      44398      48322      92720      44398      48322      92720      92720      1.0002     1.0005     1.0002     1.0003      0.60    34754.8052 37814.6606 72569.4658 34754.8052 37814.6606 72569.4658 130899.70 
709299827.00    5132       1351       6483      44868      48649      93517      44762      48581      93343      46758      1.0002     1.0004     1.0002     1.0001      0.60    35037.5221 38013.7322 73051.2543 35120.7252 38067.0981 73187.8233 130899.70 
713399826.00    4880       1204       6084      45120      48796      93916      45120      48796      93916      93916      1.0002     1.0002     1.0001     1.0002      0.60    35321.7483 38187.6127 73509.3610 35321.7483 38187.6127 73509.3610 130899.70 
717499825.00    4816       1395       6211      45184      48605      93789      45184      48605      93789      93789      1.0003     1.0003     1.0003     1.0003      0.60    35368.9101 38034.7466 73403.6567 35368.9101 38034.7466 73403.6567 130899.70 
721599824.00    4405       1083       5488      45595      48917      94512      45595      48917      94512      94512      1.0001     1.0003     1.0005     1.0001      0.60    35700.3822 38290.6427 73991.0249 35700.3822 38290.6427 73991.0249 130899.70 
725699823.00    4737       1237       5974      45263      48763      94026      45263      48763      94026      94026      1.0002     1.0004     1.0002     1.0003      0.60    35434.6688 38164.2640 73598.9328 35434.6688 38164.2640 73598.9328 130899.70 
729799822.00    4711       1258       5969      45289      48742      94031      45289      48742      94031      94031      1.0003     1.0003     1.0004     1.0003      0.60    35446.8589 38136.8345 73583.6934 35446.8589 38136.8345 73583.6934 130899.70 
733899821.00    4821       1378       6199      45179      48622      93801      44366      47930      92296      23450      1.0005     1.0003     1.0002     1.0001      0.60    34721.3530 37500.3759 72221.7289 35359.2565 38043.1427 73402.3992 130899.70 
737999820.00    5002       1424       6426      44998      48576      93574      44998      48576      93574      93574      1.0003     1.0003     1.0001     1.0003      0.60    35217.8396 38004.6446 73222.4842 35217.8396 38004.6446 73222.4842 130899.70 
742099819.00    4597       1131       5728      45403      48869      94272      45403      48869      94272      94272      1.0003     1.0003     1.0002     1.0003      0.60    35556.5785 38259.6564 73816.2349 35556.5785 38259.6564 73816.2349 130899.70 
746199818.00    4647       1280       5927      45353      48720      94073      45353      48720      94073      94073      1.0005     1.0003     1.0005     1.0005      0.60    35507.5935 38133.7082 73641.3017 35507.5935 38133.7082 73641.3017 130899.70 
750299817.00    5261       1576       6837      44739      48424      93163      44385      48070      92455      31054      1.0001     1.0002     1.0001     1.0002      0.60    34740.4979 37612.9694 72353.4673 35018.2480 37890.7110 72908.9591 130899.70 
754399816.00    4978       1242       6220      45022      48758      93780      45022      48758      93780      93780      1.0004     1.0004     1.0002     1.0003      0.60    35222.3542 38132.6188 73354.9730 35222.3542 38132.6188 73354.9730 130899.70 
758499815.00    4692       1248       5940      45308      48752      94060      45308      48752      94060      94060      1.0001     1.0002     1.0002     1.0003      0.60    35458.6092 38142.9196 73601.5288 35458.6092 38142.9196 73601.5288 130899.70 
762599814.00    4502       1197       5699      45498      48803      94301      45498      48803      94301      94301      1.0004     1.0005     1.0004     1.0005      0.60    35623.8587 38201.5431 73825.4017 35623.8587 38201.5431 73825.4017 130899.70 
766699813.00    4459       1111       5570      45541      48889      94430      45541      48889      94430      94430      1.0004     1.0005     1.0004     1.0001      0.60    35643.8204 38247.6163 73891.4367 35643.8204 38247.6163 73891.4367 130899.70 
770799812.00    4568       1082       5650      45432      48918      94350      45432      48918      94350      94350      1.0002     1.0002     1.0004     1.0002      0.60    35562.4087 38282.7887 73845.1974 35562.4087 38282.7887 73845.1974 130899.70 
774899811.00    4718       1296       6014      45282      48704      93986      45282      48704      93986      93986      1.0003     1.0004     1.0005     1.0003      0.60    35444.1493 38110.2952 73554.4444 35444.1493 38110.2952 73554.4444 130899.70 
778999810.00    4664       1376       6040      45336      48624      93960      45336      48624      93960      93960      1.0003     1.0003     1.0002     1.0002      0.60    35476.1221 38035.9105 73512.0326 35476.1221 38035.9105 73512.0326 130899.70 
783099809.00    4435       1114       5549      45565      48886      94451      45565      48886      94451      94451      1.0003     1.0005     1.0003     1.0003      0.60    35658.2646 38246.9836 73905.2482 35658.2646 38246.9836 73905.2482 130899.70 
787199808.00    5174       1372       6546      44826      48628      93454      44826      48628      93454      93454      1.0002     1.0002     1.0004     1.0001      0.60    35076.7280 38042.0035 73118.7315 35076.7280 38042.0035 73118.7315 130899.70 
791299807.00    5063       1561       6624      44937      48439      93376      44937      48439      93376      93376      1.0003     1.0005     1.0003     1.0003      0.60    35150.9413 37877.2594 73028.2007 35150.9413 37877.2594 73028.2007 130899.70 
795399806.00    5345       1641       6986      44655      48359      93014      44655      48359      93014      93014      1.0002     1.0001     1.0004     1.0001      0.60    34922.6902 37808.6218 72731.3120 34922.6902 37808.6218 72731.3120 130899.70 
799499805.00    4738       1199       5937      45262      48801      94063      45262      48801      94063      94063      1.0002     1.0004     1.0001     1.0003      0.60    35410.1365 38161.5824 73571.7189 35410.1365 38161.5824 73571.7189 130899.70 
803599804.00    4583       1213       5796      45417      48787      94204      45417      48787      94204      94204      1.0002     1.0001     1.0002     1.0001      0.60    35546.4796 38170.6702 73717.1498 35546.4796 38170.6702 73717.1498 130899.70 
807699803.00    4823       1242       6065      45177      48758      93935      45177      48758      93935      93935      1.0002     1.0000     1.0002     1.0002      0.60    35351.7788 38142.8188 73494.5977 35351.7788 38142.8188 73494.5977 130899.70 
811799802.00    4597       1229       5826      45403      48771      94174      44842      48295      93137      47087      1.0003     1.0005     1.0003     1.0003      0.60    35087.6529 37775.1794 72862.8324 35527.5264 38148.4698 73675.9962 130899.70 
815899801.00    5095       1536       6631      44905      48464      93369      44905      48464      93369      93369      1.0001     1.0005     1.0002     1.0003      0.60    35147.8677 37920.0681 73067.9358 35147.8677 37920.0681 73067.9358 130899.70 
819999800.00    4995       1269       6264      45005      48731      93736      45005      48731      93736      93736      1.0003     1.0003     1.0004     1.0002      0.60    35228.3611 38132.9757 73361.3368 35228.3611 38132.9757 73361.3368 130899.70 
824099799.00    4496       997        5493      45504      49003      94507      45504      49003      94507      94507      1.0003     1.0002     1.0003     1.0003      0.60    35625.8854 38354.1590 73980.0443 35625.8854 38354.1590 73980.0443 130899.70 
828199798.00    4674       1277       5951      45326      48723      94049      44975      48443      93418      47024      1.0002     1.0003     1.0003     1.0004      0.60    35210.4201 37918.4786 73128.8987 35485.8013 38138.1670 73623.9683 130899.70 
832299797.00    4740       1180       5920      45260      48820      94080      45260      48820      94080      94080      1.0002     1.0002     1.0005     1.0000      0.60    35432.5438 38207.5565 73640.1002 35432.5438 38207.5565 73640.1002 130899.70 
836399796.00    5152       1432       6584      44848      48568      93416      44065      47831      91896      46708      1.0003     1.0003     1.0001     1.0003      0.60    34484.2067 37422.1526 71906.3593 35098.2209 37999.9802 73098.2011 130899.70 
840499795.00    5006       1218       6224      44994      48782      93776      44994      48782      93776      93776      1.0003     1.0002     1.0003     1.0003      0.60    35214.8357 38170.0156 73384.8512 35214.8357 38170.0156 73384.8512 130899.70 
844599794.00    4809       1278       6087      45191      48722      93913      45191      48722      93913      93913      1.0003     1.0002     1.0003     1.0004      0.60    35366.8805 38121.5355 73488.4160 35366.8805 38121.5355 73488.4160 130899.70 
848699793.00    5437       1697       7134      44563      48303      92866      44256      48064      92320      46433      1.0001     1.0003     1.0001     1.0002      0.60    34642.5526 37613.2110 72255.7637 34883.4583 37800.7234 72684.1817 130899.70 
852799792.00    5181       1391       6572      44819      48609      93428      43145      46916      90061      46714      1.0002     1.0002     1.0002     1.0003      0.60    33780.6821 36720.7724 70501.4545 35092.8755 38047.3325 73140.2080 130899.70 
856899791.00    4908       1265       6173      45092      48735      93827      43321      47163      90484      31275      1.0002     1.0004     1.0002     1.0002      0.60    33898.5614 36895.4849 70794.0463 35287.1103 38127.7404 73414.8507 130899.70 
860999790.00    5131       1552       6683      44869      48448      93317      42866      46708      89574      31105      1.0002     1.0002     1.0002     1.0004      0.60    33540.3967 36535.5520 70075.9486 35110.8882 37898.8047 73009.6929 130899.70 
865099789.00    5159       1695       6854      44841      48305      93146      42815      46673      89488      31048      1.0002     1.0003     1.0001     1.0005      0.60    33506.6929 36519.8111 70026.5039 35095.6874 37799.2269 72894.9143 130899.70 
869199788.00    5194       1530       6724      44806      48470      93276      43094      47072      90166      23319      1.0001     1.0002     1.0004     1.0002      0.60    33737.1856 36845.0585 70582.2441 35080.1492 37941.5564 73021.7056 130899.70 
873299787.00    5556       1444       7000      44444      48556      93000      43773      48014      91787      46500      1.0002     1.0001     1.0002     1.0001      0.60    34256.5158 37565.6150 71822.1309 34782.7640 37990.5627 72773.3267 130899.70 
877399786.00    5287       1386       6673      44713      48614      93327      44427      48354      92781      46663      1.0003     1.0003     1.0003     1.0004      0.60    34766.1374 37826.3545 72592.4919 34990.5792 38030.2503 73020.8295 130899.70 
881499785.00    4854       1209       6063      45146      48791      93937      45146      48791      93937      93937      1.0004     1.0005     1.0003     1.0002      0.60    35344.8862 38188.4681 73533.3544 35344.8862 38188.4681 73533.3544 130899.70 
885599784.00    4784       1223       6007      45216      48777      93993      42152      45310      87462      31331      1.0002     1.0002     1.0003     1.0001      0.60    32989.3458 35451.8091 68441.1549 35390.7546 38168.2861 73559.0407 130899.70 
889699783.00    4743       1277       6020      45257      48723      93980      42276      45551      87827      31326      1.0004     1.0001     1.0004     1.0003      0.60    33088.0159 35642.7744 68730.7904 35425.1169 38128.4123 73553.5291 130899.70 
893799782.00    4932       1451       6383      45068      48549      93617      42546      45876      88422      31205      1.0002     1.0003     1.0002     1.0002      0.60    33291.1961 35883.6156 69174.8117 35268.1042 37978.3205 73246.4247 130899.70 
897899781.00    5045       1356       6401      44955      48644      93599      42780      46296      89076      23399      1.0003     1.0004     1.0003     1.0003      0.60    33473.2534 36210.5321 69683.7854 35178.6936 38051.1235 73229.8171 130899.70 
901999780.00    4808       1244       6052      45192      48756      93948      43241      46828      90069      31316      1.0003     1.0004     1.0004     1.0002      0.60    33851.8230 36650.1766 70501.9996 35381.9434 38161.6776 73543.6210 130899.70 
906099779.00    5108       1365       6473      44892      48635      93527      43305      47123      90428      23381      1.0004     1.0004     1.0002     1.0004      0.60    33897.2977 36877.9038 70775.2015 35142.0737 38063.6372 73205.7109 130899.70 
910199778.00    4932       1260       6192      45068      48740      93808      44115      47931      92046      23452      1.0003     1.0003     1.0003     1.0001      0.60    34542.3575 37518.4400 72060.7975 35289.7358 38152.8639 73442.5996 130899.70 
914299777.00    4987       1190       6177      45013      48810      93823      44574      48463      93037      46911      1.0003     1.0004     1.0003     1.0005      0.60    34895.8572 37933.0194 72828.8766 35240.2805 38205.1945 73445.4750 130899.70 
918399776.00    4539       994        5533      45461      49006      94467      45461      49006      94467      94467      1.0004     1.0005     1.0003     1.0004      0.60    35592.6260 38357.2525 73949.8785 35592.6260 38357.2525 73949.8785 130899.70 
922499775.00    4793       1086       5879      45207      48914      94121      45207      48914      94121      94121      1.0003     1.0006     1.0003     1.0003      0.60    35383.6344 38276.8430 73660.4774 35383.6344 38276.8430 73660.4774 130899.70 
926599774.00    4867       1202       6069      45133      48798      93931      45133      48798      93931      93931      1.0002     1.0002     1.0004     1.0002      0.60    35316.0220 38170.6573 73486.6793 35316.0220 38170.6573 73486.6793 130899.70 
930699773.00    5307       1419       6726      44693      48581      93274      44413      48296      92709      46637      1.0002     1.0004     1.0003     1.0002      0.60    34770.0822 37798.9822 72569.0644 34989.7894 38022.5863 73012.3757 130899.70 
934799772.00    5012       1246       6258      44988      48754      93742      44988      48754      93742      93742      1.0003     1.0002     1.0003     1.0004      0.60    35212.4960 38153.0905 73365.5865 35212.4960 38153.0905 73365.5865 130899.70 
938899771.00    4650       1073       5723      45350      48927      94277      45350      48927      94277      94277      1.0002     1.0002     1.0005     1.0002      0.60    35490.1349 38278.3619 73768.4968 35490.1349 38278.3619 73768.4968 130899.70 
942999770.00    4541       1146       5687      45459      48854      94313      45459      48854      94313      94313      1.0003     1.0002     1.0002     1.0003      0.60    35576.7751 38218.9350 73795.7101 35576.7751 38218.9350 73795.7101 130899.70 
947099769.00    4647       1089       5736      45353      48911      94264      45353      48911      94264      94264      1.0002     1.0005     1.0002     1.0005      0.60    35499.3582 38273.4315 73772.7897 35499.3582 38273.4315 73772.7897 130899.70 
951199768.00    4293       964        5257      45707      49036      94743      45707      49036      94743      94743      1.0004     1.0004     1.0005     1.0004      0.60    35801.6069 38397.2663 74198.8732 35801.6069 38397.2663 74198.8732 130899.70 
955299767.00    5239       1523       6762      44761      48477      93238      44761      48477      93238      93238      1.0001     1.0003     1.0001     1.0001      0.60    35034.8050 37932.7594 72967.5644 35034.8050 37932.7594 72967.5644 130899.70 
959399766.00    4794       1215       6009      45206      48785      93991      45206      48785      93991      93991      1.0002     1.0005     1.0002     1.0002      0.60    35385.2143 38174.9463 73560.1605 35385.2143 38174.9463 73560.1605 130899.70 
963499765.00    4456       1057       5513      45544      48943      94487      45544      48943      94487      94487      1.0002     1.0003     1.0004     1.0002      0.60    35660.0504 38312.7094 73972.7598 35660.0504 38312.7094 73972.7598 130899.70 
967599764.00    4833       1297       6130      45167      48703      93870      44993      48551      93544      31290      1.0003     1.0003     1.0003     1.0001      0.60    35219.1331 37993.9341 73213.0672 35355.6624 38113.1962 73468.8586 130899.70 
971699763.00    4874       1343       6217      45126      48657      93783      45126      48657      93783      93783      1.0003     1.0002     1.0002     1.0004      0.60    35325.4756 38082.1319 73407.6075 35325.4756 38082.1319 73407.6075 130899.70 
975799762.00    4666       1269       5935      45334      48731      94065      45334      48731      94065      94065      1.0004     1.0004     1.0002     1.0003      0.60    35493.3157 38140.6384 73633.9541 35493.3157 38140.6384 73633.9541 130899.70 
979899761.00    4734       1310       6044      45266      48690      93956      44004      47497      91501      46978      1.0004     1.0003     1.0002     1.0003      0.60    34457.6761 37182.8776 71640.5537 35447.3524 38117.8687 73565.2211 130899.70 
