 Timestep    Gas_A      Gas_B     Gas_tot    Dense_A    Dense_B   Dense_tot   Lg_clust     MCS       sigALL     sigAA      sigAB      sigBB      phiEff   lg_clustA  tot_clustA LC_density DP_density GP_density
   0.00      100000       0        100000       0          0          0          3          0        1.0028     1.0028     0.0000     0.0000      0.60       2.4        0.0        1.27       0.00       0.76   
3700000.00   29521        0        29521      70479        0        70479      60647      14095      1.0000     1.0000     0.0000     0.0000      0.60     47632.0    55354.1      1.27       1.27       0.39   
7400000.00   24813        0        24813      75187        0        75187      32882      18796      1.0000     1.0000     0.0000     0.0000      0.60     25825.5    59051.7      1.27       1.27       0.35   
11100000.00   26051        0        26051      73949        0        73949      73949      73949      0.9999     0.9999     0.0000     0.0000      0.60     58067.8    58067.8      1.27       1.27       0.36   
14800000.00   23952        0        23952      76048        0        76048      76048      76048      1.0001     1.0001     0.0000     0.0000      0.60     59739.9    59739.9      1.27       1.27       0.34   
18500000.00   27762        0        27762      72238        0        72238      72238      72238      1.0001     1.0001     0.0000     0.0000      0.60     56746.9    56746.9      1.27       1.27       0.37   
22200000.00   24033        0        24033      75967        0        75967      75967      75967      1.0000     1.0000     0.0000     0.0000      0.60     59664.3    59664.3      1.27       1.27       0.34   
25900000.00   29030        0        29030      70970        0        70970      69857      35485      1.0000     1.0000     0.0000     0.0000      0.60     54865.6    55739.7      1.27       1.27       0.39   
29600000.00   30478        0        30478      69522        0        69522      69522      69522      1.0002     1.0002     0.0000     0.0000      0.60     54624.3    54624.3      1.27       1.27       0.40   
33300000.00   25379        0        25379      74621        0        74621      74621      74621      1.0001     1.0001     0.0000     0.0000      0.60     58618.9    58618.9      1.27       1.27       0.35   
37000000.00   21776        0        21776      78224        0        78224      78224      78224      0.9999     0.9999     0.0000     0.0000      0.60     61424.7    61424.7      1.27       1.27       0.31   
40700000.00   21858        0        21858      78142        0        78142      78142      78142      1.0002     1.0002     0.0000     0.0000      0.60     61397.1    61397.1      1.27       1.27       0.31   
44400000.00   26828        0        26828      73172        0        73172      69464      24390      1.0000     1.0000     0.0000     0.0000      0.60     54556.9    57469.2      1.27       1.27       0.37   
48100000.00   27288        0        27288      72712        0        72712      69126      24237      1.0002     1.0002     0.0000     0.0000      0.60     54313.2    57130.7      1.27       1.27       0.37   
51800000.00   21806        0        21806      78194        0        78194      78194      78194      1.0001     1.0001     0.0000     0.0000      0.60     61425.7    61425.7      1.27       1.27       0.31   
55500000.00   27024        0        27024      72976        0        72976      71458      36488      1.0001     1.0001     0.0000     0.0000      0.60     56134.2    57326.7      1.27       1.27       0.37   
59200000.00   22142        0        22142      77858        0        77858      75327      38929      1.0001     1.0001     0.0000     0.0000      0.60     59173.5    61161.8      1.27       1.27       0.32   
62900000.00   24682        0        24682      75318        0        75318      75318      75318      0.9999     0.9999     0.0000     0.0000      0.60     59142.8    59142.8      1.27       1.27       0.34   
66600000.00   21884        0        21884      78116        0        78116      78116      78116      1.0002     1.0002     0.0000     0.0000      0.60     61376.7    61376.7      1.27       1.27       0.31   
70300000.00   24977        0        24977      75023        0        75023      75023      75023      1.0000     1.0000     0.0000     0.0000      0.60     58922.9    58922.9      1.27       1.27       0.35   
74000000.00   19812        0        19812      80188        0        80188      78042      40094      1.0001     1.0001     0.0000     0.0000      0.60     61306.3    62992.1      1.27       1.27       0.29   
77700000.00   19513        0        19513      80487        0        80487      80487      80487      1.0001     1.0001     0.0000     0.0000      0.60     63227.0    63227.0      1.27       1.27       0.29   
81400000.00   22912        0        22912      77088        0        77088      77088      77088      1.0000     1.0000     0.0000     0.0000      0.60     60544.8    60544.8      1.27       1.27       0.33   
85100000.00   21333        0        21333      78667        0        78667      78667      78667      1.0000     1.0000     0.0000     0.0000      0.60     61784.9    61784.9      1.27       1.27       0.31   
88800000.00   20348        0        20348      79652        0        79652      79652      79652      1.0000     1.0000     0.0000     0.0000      0.60     62558.5    62558.5      1.27       1.27       0.30   
92500000.00   19052        0        19052      80948        0        80948      80948      80948      1.0000     1.0000     0.0000     0.0000      0.60     63576.4    63576.4      1.27       1.27       0.28   
96200000.00   22988        0        22988      77012        0        77012      77012      77012      1.0000     1.0000     0.0000     0.0000      0.60     60485.1    60485.1      1.27       1.27       0.33   
99900000.00   22866        0        22866      77134        0        77134      77134      77134      1.0002     1.0002     0.0000     0.0000      0.60     60605.1    60605.1      1.27       1.27       0.33   
103600000.00   17379        0        17379      82621        0        82621      82621      82621      0.9999     0.9999     0.0000     0.0000      0.60     64877.4    64877.4      1.27       1.27       0.26   
107300000.00   18837        0        18837      81163        0        81163      81163      81163      0.9998     0.9998     0.0000     0.0000      0.60     63719.8    63719.8      1.27       1.27       0.28   
111000000.00   19961        0        19961      80039        0        80039      80039      80039      1.0000     1.0000     0.0000     0.0000      0.60     62862.5    62862.5      1.27       1.27       0.29   
114700000.00   20365        0        20365      79635        0        79635      77856      39817      1.0001     1.0001     0.0000     0.0000      0.60     61160.2    62557.7      1.27       1.27       0.30   
118400000.00   22757        0        22757      77243        0        77243      77243      77243      1.0001     1.0001     0.0000     0.0000      0.60     60678.6    60678.6      1.27       1.27       0.32   
122100000.00   27063        0        27063      72937        0        72937      72937      72937      1.0001     1.0001     0.0000     0.0000      0.60     57296.0    57296.0      1.27       1.27       0.37   
125800000.00   22732        0        22732      77268        0        77268      77268      77268      1.0001     1.0001     0.0000     0.0000      0.60     60698.3    60698.3      1.27       1.27       0.32   
129500000.00   16665        0        16665      83335        0        83335      83335      83335      1.0000     1.0000     0.0000     0.0000      0.60     65451.2    65451.2      1.27       1.27       0.25   
133200000.00   20891        0        20891      79109        0        79109      79109      79109      1.0000     1.0000     0.0000     0.0000      0.60     62132.1    62132.1      1.27       1.27       0.30   
136900000.00   14343        0        14343      85657        0        85657      85657      85657      0.9999     0.9999     0.0000     0.0000      0.60     67261.4    67261.4      1.27       1.27       0.23   
140600000.00   24472        0        24472      75528        0        75528      75528      75528      1.0000     1.0000     0.0000     0.0000      0.60     59319.6    59319.6      1.27       1.27       0.34   
144300000.00   23469        0        23469      76531        0        76531      76531      76531      1.0001     1.0001     0.0000     0.0000      0.60     60119.3    60119.3      1.27       1.27       0.33   
148000000.00   23195        0        23195      76805        0        76805      76805      76805      1.0002     1.0002     0.0000     0.0000      0.60     60346.6    60346.6      1.27       1.27       0.33   
151700000.00   22966        0        22966      77034        0        77034      77034      77034      1.0001     1.0001     0.0000     0.0000      0.60     60514.5    60514.5      1.27       1.27       0.33   
155400000.00   19477        0        19477      80523        0        80523      80523      80523      1.0001     1.0001     0.0000     0.0000      0.60     63255.3    63255.3      1.27       1.27       0.29   
159100000.00   19569        0        19569      80431        0        80431      80431      80431      1.0000     1.0000     0.0000     0.0000      0.60     63170.4    63170.4      1.27       1.27       0.29   
162800000.00   29908        0        29908      70092        0        70092      70092      70092      1.0000     1.0000     0.0000     0.0000      0.60     55050.1    55050.1      1.27       1.27       0.39   
166500000.00   19786        0        19786      80214        0        80214      80214      80214      1.0000     1.0000     0.0000     0.0000      0.60     62999.9    62999.9      1.27       1.27       0.29   
170200000.00   20849        0        20849      79151        0        79151      79151      79151      1.0000     1.0000     0.0000     0.0000      0.60     62165.1    62165.1      1.27       1.27       0.30   
173900000.00   22979        0        22979      77021        0        77021      77021      77021      1.0001     1.0001     0.0000     0.0000      0.60     60504.3    60504.3      1.27       1.27       0.33   
177600000.00   24672        0        24672      75328        0        75328      75328      75328      1.0001     1.0001     0.0000     0.0000      0.60     59174.3    59174.3      1.27       1.27       0.34   
181300000.00   19055        0        19055      80945        0        80945      80945      80945      1.0000     1.0000     0.0000     0.0000      0.60     63574.1    63574.1      1.27       1.27       0.28   
185000000.00   20956        0        20956      79044        0        79044      76880      39522      1.0001     1.0001     0.0000     0.0000      0.60     60393.5    62093.4      1.27       1.27       0.30   
188700000.00   20708        0        20708      79292        0        79292      79292      79292      0.9999     0.9999     0.0000     0.0000      0.60     62263.3    62263.3      1.27       1.27       0.30   
192400000.00   19590        0        19590      80410        0        80410      80410      80410      1.0000     1.0000     0.0000     0.0000      0.60     63153.9    63153.9      1.27       1.27       0.29   
196100000.00   19883        0        19883      80117        0        80117      80117      80117      0.9999     0.9999     0.0000     0.0000      0.60     62911.2    62911.2      1.27       1.27       0.29   
199800000.00   25263        0        25263      74737        0        74737      74737      74737      1.0000     1.0000     0.0000     0.0000      0.60     58698.3    58698.3      1.27       1.27       0.35   
203500000.00   24009        0        24009      75991        0        75991      75991      75991      1.0000     1.0000     0.0000     0.0000      0.60     59683.2    59683.2      1.27       1.27       0.34   
207200000.00   20422        0        20422      79578        0        79578      79578      79578      1.0001     1.0001     0.0000     0.0000      0.60     62512.9    62512.9      1.27       1.27       0.30   
210900000.00   21661        0        21661      78339        0        78339      78339      78339      1.0003     1.0003     0.0000     0.0000      0.60     61564.2    61564.2      1.27       1.27       0.31   
214600000.00   16660        0        16660      83340        0        83340      83340      83340      1.0002     1.0002     0.0000     0.0000      0.60     65481.3    65481.3      1.27       1.27       0.25   
218300000.00   20017        0        20017      79983        0        79983      79983      79983      0.9999     0.9999     0.0000     0.0000      0.60     62805.9    62805.9      1.27       1.27       0.29   
222000000.00   26584        0        26584      73416        0        73416      73416      73416      1.0001     1.0001     0.0000     0.0000      0.60     57672.3    57672.3      1.27       1.27       0.36   
225700000.00   20040        0        20040      79960        0        79960      79960      79960      0.9999     0.9999     0.0000     0.0000      0.60     62787.9    62787.9      1.27       1.27       0.29   
229400000.00   17504        0        17504      82496        0        82496      82496      82496      1.0001     1.0001     0.0000     0.0000      0.60     64805.2    64805.2      1.27       1.27       0.26   
233100000.00   21613        0        21613      78387        0        78387      78387      78387      1.0000     1.0000     0.0000     0.0000      0.60     61565.0    61565.0      1.27       1.27       0.31   
236800000.00   24063        0        24063      75937        0        75937      75937      75937      1.0001     1.0001     0.0000     0.0000      0.60     59652.7    59652.7      1.27       1.27       0.34   
240500000.00   22077        0        22077      77923        0        77923      77923      77923      1.0002     1.0002     0.0000     0.0000      0.60     61225.1    61225.1      1.27       1.27       0.32   
244200000.00   27590        0        27590      72410        0        72410      72410      72410      1.0001     1.0001     0.0000     0.0000      0.60     56882.1    56882.1      1.27       1.27       0.37   
247900000.00   26287        0        26287      73713        0        73713      73713      73713      1.0001     1.0001     0.0000     0.0000      0.60     57905.6    57905.6      1.27       1.27       0.36   
251600000.00   21018        0        21018      78982        0        78982      78982      78982      1.0000     1.0000     0.0000     0.0000      0.60     62032.3    62032.3      1.27       1.27       0.31   
255300000.00   25143        0        25143      74857        0        74857      74857      74857      1.0002     1.0002     0.0000     0.0000      0.60     58816.1    58816.1      1.27       1.27       0.35   
259000000.00   23370        0        23370      76630        0        76630      76630      76630      1.0000     1.0000     0.0000     0.0000      0.60     60185.1    60185.1      1.27       1.27       0.33   
262700000.00   26586        0        26586      73414        0        73414      73414      73414      1.0002     1.0002     0.0000     0.0000      0.60     57682.3    57682.3      1.27       1.27       0.36   
266400000.00   18503        0        18503      81497        0        81497      81497      81497      1.0002     1.0002     0.0000     0.0000      0.60     64033.2    64033.2      1.27       1.27       0.28   
270100000.00   18281        0        18281      81719        0        81719      81719      81719      1.0000     1.0000     0.0000     0.0000      0.60     64182.0    64182.0      1.27       1.27       0.27   
273800000.00   18191        0        18191      81809        0        81809      81809      81809      1.0000     1.0000     0.0000     0.0000      0.60     64252.6    64252.6      1.27       1.27       0.27   
277500000.00   23032        0        23032      76968        0        76968      76968      76968      1.0001     1.0001     0.0000     0.0000      0.60     60462.6    60462.6      1.27       1.27       0.33   
281200000.00   24211        0        24211      75789        0        75789      75789      75789      1.0002     1.0002     0.0000     0.0000      0.60     59548.4    59548.4      1.27       1.27       0.34   
284900000.00   26112        0        26112      73888        0        73888      73888      73888      1.0002     1.0002     0.0000     0.0000      0.60     58054.7    58054.7      1.27       1.27       0.36   
288600000.00   20055        0        20055      79945        0        79945      79945      79945      0.9999     0.9999     0.0000     0.0000      0.60     62776.1    62776.1      1.27       1.27       0.29   
292300000.00   22309        0        22309      77691        0        77691      77691      77691      1.0001     1.0001     0.0000     0.0000      0.60     61030.6    61030.6      1.27       1.27       0.32   
296000000.00   20153        0        20153      79847        0        79847      79847      79847      1.0002     1.0002     0.0000     0.0000      0.60     62736.8    62736.8      1.27       1.27       0.30   
299700000.00   16872        0        16872      83128        0        83128      83128      83128      1.0001     1.0001     0.0000     0.0000      0.60     65301.6    65301.6      1.27       1.27       0.26   
303400000.00   24208        0        24208      75792        0        75792      75792      75792      1.0002     1.0002     0.0000     0.0000      0.60     59550.7    59550.7      1.27       1.27       0.34   
307100000.00   25143        0        25143      74857        0        74857      74857      74857      1.0002     1.0002     0.0000     0.0000      0.60     58816.1    58816.1      1.27       1.27       0.35   
310800000.00   21796        0        21796      78204        0        78204      78204      78204      1.0001     1.0001     0.0000     0.0000      0.60     61433.6    61433.6      1.27       1.27       0.31   
314500000.00   18571        0        18571      81429        0        81429      81429      81429      0.9998     0.9998     0.0000     0.0000      0.60     63928.6    63928.6      1.27       1.27       0.28   
318200000.00   18070        0        18070      81930        0        81930      81930      81930      1.0001     1.0001     0.0000     0.0000      0.60     64360.5    64360.5      1.27       1.27       0.27   
321900000.00   20470        0        20470      79530        0        79530      79530      79530      1.0001     1.0001     0.0000     0.0000      0.60     62475.2    62475.2      1.27       1.27       0.30   
325600000.00   18251        0        18251      81749        0        81749      81749      81749      1.0000     1.0000     0.0000     0.0000      0.60     64205.5    64205.5      1.27       1.27       0.27   
329300000.00   20192        0        20192      79808        0        79808      79808      79808      1.0000     1.0000     0.0000     0.0000      0.60     62681.1    62681.1      1.27       1.27       0.30   
333000000.00   21052        0        21052      78948        0        78948      78948      78948      0.9999     0.9999     0.0000     0.0000      0.60     61993.2    61993.2      1.27       1.27       0.31   
336700000.00   19418        0        19418      80582        0        80582      80582      80582      1.0002     1.0002     0.0000     0.0000      0.60     63314.3    63314.3      1.27       1.27       0.29   
340400000.00   23267        0        23267      76733        0        76733      76733      76733      1.0000     1.0000     0.0000     0.0000      0.60     60266.0    60266.0      1.27       1.27       0.33   
344100000.00   20595        0        20595      79405        0        79405      79405      79405      1.0001     1.0001     0.0000     0.0000      0.60     62377.0    62377.0      1.27       1.27       0.30   
347800000.00   22528        0        22528      77472        0        77472      77472      77472      0.9999     0.9999     0.0000     0.0000      0.60     60834.2    60834.2      1.27       1.27       0.32   
351500000.00   21410        0        21410      78590        0        78590      78590      78590      1.0002     1.0002     0.0000     0.0000      0.60     61749.1    61749.1      1.27       1.27       0.31   
355200000.00   25618        0        25618      74382        0        74382      74382      74382      1.0002     1.0002     0.0000     0.0000      0.60     58442.9    58442.9      1.27       1.27       0.35   
358900000.00   22683        0        22683      77317        0        77317      76166      38658      1.0002     1.0002     0.0000     0.0000      0.60     59844.6    60748.9      1.27       1.27       0.32   
362600000.00   19888        0        19888      80112        0        80112      80112      80112      1.0001     1.0001     0.0000     0.0000      0.60     62932.4    62932.4      1.27       1.27       0.29   
366300000.00   19642        0        19642      80358        0        80358      80358      80358      1.0001     1.0001     0.0000     0.0000      0.60     63125.6    63125.6      1.27       1.27       0.29   
