 Timestep    Gas_A      Gas_B     Gas_tot    Dense_A    Dense_B   Dense_tot   Lg_clust     MCS       sigALL     sigAA      sigAB      sigBB      phiEff   lg_clustA  tot_clustA LC_density DP_density GP_density
   0.00      100000       0        100000       0          0          0          5          0        1.0031     1.0031     0.0000     0.0000      0.60       4.0        0.0        1.27       0.00       0.76   
937499.00    17364        0        17364      82636        0        82636      25878      11805      0.9982     0.9982     0.0000     0.0000      0.60     20251.4    64668.7      1.28       1.28       0.26   
1874998.00   12444        0        12444      87556        0        87556      47073      29185      0.9993     0.9993     0.0000     0.0000      0.60     36919.3    68670.1      1.28       1.28       0.20   
2812497.00    5031        0         5031      94969        0        94969      81938      47484      0.9338     0.9338     0.0000     0.0000      0.56     56115.5    65039.8      1.46       1.46       0.08   
3749996.00    5690        0         5690      94310        0        94310      49534      31436      0.9498     0.9498     0.0000     0.0000      0.57     35096.0    66820.8      1.41       1.41       0.09   
4687495.00    5429        0         5429      94571        0        94571      50195      31523      0.9450     0.9450     0.0000     0.0000      0.57     35205.8    66330.2      1.43       1.43       0.08   
5624994.00    5137        0         5137      94863        0        94863      80224      47431      0.9474     0.9474     0.0000     0.0000      0.57     56553.7    66873.4      1.42       1.42       0.08   
6562493.00    5867        0         5867      94133        0        94133      76162      31377      0.9494     0.9494     0.0000     0.0000      0.57     53917.1    66639.3      1.41       1.41       0.09   
7499992.00    5181        0         5181      94819        0        94819      78161      31606      0.9517     0.9517     0.0000     0.0000      0.57     55600.7    67450.5      1.41       1.41       0.08   
8437491.00    5933        0         5933      94067        0        94067      80330      47033      0.9473     0.9473     0.0000     0.0000      0.57     56616.5    66298.3      1.42       1.42       0.09   
9374990.00    5009        0         5009      94991        0        94991      81464      47495      0.9458     0.9458     0.0000     0.0000      0.57     57234.0    66737.7      1.42       1.42       0.08   
10312489.00    4343        0         4343      95657        0        95657      82105      47828      0.9511     0.9511     0.0000     0.0000      0.57     58332.7    67960.9      1.41       1.41       0.07   
11249988.00    4926        0         4926      95074        0        95074      82226      47537      0.9539     0.9539     0.0000     0.0000      0.57     58763.1    67945.0      1.40       1.40       0.08   
12187487.00    4395        0         4395      95605        0        95605      83203      47802      0.9518     0.9518     0.0000     0.0000      0.57     59199.8    68024.0      1.41       1.41       0.07   
13124986.00    4987        0         4987      95013        0        95013      83793      47506      0.9499     0.9499     0.0000     0.0000      0.57     59381.8    67333.1      1.41       1.41       0.08   
14062485.00    4632        0         4632      95368        0        95368      84838      47684      0.9455     0.9455     0.0000     0.0000      0.57     59566.7    66960.0      1.42       1.42       0.07   
14999984.00    4714        0         4714      95286        0        95286      85415      47643      0.9524     0.9524     0.0000     0.0000      0.57     60850.3    67882.5      1.40       1.40       0.07   
15937483.00    4647        0         4647      95353        0        95353      86327      47676      0.9555     0.9555     0.0000     0.0000      0.57     61901.0    68373.2      1.39       1.39       0.07   
16874982.00    4328        0         4328      95672        0        95672      87751      47836      0.9541     0.9541     0.0000     0.0000      0.57     62737.9    68401.0      1.40       1.40       0.07   
17812481.00    4953        0         4953      95047        0        95047      95047      95047      0.9417     0.9417     0.0000     0.0000      0.57     66199.3    66199.3      1.44       1.44       0.08   
18749980.00    4358        0         4358      95642        0        95642      89813      47821      0.9521     0.9521     0.0000     0.0000      0.57     63943.2    68093.2      1.40       1.40       0.07   
19687479.00    4899        0         4899      95101        0        95101      90757      47550      0.9530     0.9530     0.0000     0.0000      0.57     64737.5    67836.1      1.40       1.40       0.08   
20624978.00    4500        0         4500      95500        0        95500      92065      47750      0.9518     0.9518     0.0000     0.0000      0.57     65505.2    67949.2      1.41       1.41       0.07   
21562477.00    5000        0         5000      95000        0        95000      92625      47500      0.9437     0.9437     0.0000     0.0000      0.57     64786.7    66447.9      1.43       1.43       0.08   
22499976.00    5310        0         5310      94690        0        94690      94690      94690      0.9496     0.9496     0.0000     0.0000      0.57     67061.8    67061.8      1.41       1.41       0.08   
23437475.00    4114        0         4114      95886        0        95886      95886      95886      0.9478     0.9478     0.0000     0.0000      0.57     67651.7    67651.7      1.42       1.42       0.07   
24374974.00    4275        0         4275      95725        0        95725      95725      95725      0.9504     0.9504     0.0000     0.0000      0.57     67909.1    67909.1      1.41       1.41       0.07   
25312473.00    4388        0         4388      95612        0        95612      95612      95612      0.9442     0.9442     0.0000     0.0000      0.57     66946.9    66946.9      1.43       1.43       0.07   
26249972.00    3941        0         3941      96059        0        96059      96059      96059      0.9452     0.9452     0.0000     0.0000      0.57     67402.4    67402.4      1.43       1.43       0.06   
27187471.00    4164        0         4164      95836        0        95836      95836      95836      0.9406     0.9406     0.0000     0.0000      0.56     66593.0    66593.0      1.44       1.44       0.06   
28124970.00    4626        0         4626      95374        0        95374      95374      95374      0.9440     0.9440     0.0000     0.0000      0.57     66751.9    66751.9      1.43       1.43       0.07   
29062469.00    3797        0         3797      96203        0        96203      96203      96203      0.9480     0.9480     0.0000     0.0000      0.57     67904.0    67904.0      1.42       1.42       0.06   
29999968.00    4376        0         4376      95624        0        95624      95624      95624      0.9513     0.9513     0.0000     0.0000      0.57     67966.0    67966.0      1.41       1.41       0.07   
30937467.00    4260        0         4260      95740        0        95740      95740      95740      0.9465     0.9465     0.0000     0.0000      0.57     67363.5    67363.5      1.42       1.42       0.07   
31874966.00    4198        0         4198      95802        0        95802      95802      95802      0.9438     0.9438     0.0000     0.0000      0.57     67023.1    67023.1      1.43       1.43       0.07   
32812465.00    3946        0         3946      96054        0        96054      96054      96054      0.9495     0.9495     0.0000     0.0000      0.57     68013.5    68013.5      1.41       1.41       0.06   
33749964.00    3724        0         3724      96276        0        96276      96276      96276      0.9538     0.9538     0.0000     0.0000      0.57     68789.6    68789.6      1.40       1.40       0.06   
34687463.00    4773        0         4773      95227        0        95227      95227      95227      0.9451     0.9451     0.0000     0.0000      0.57     66804.5    66804.5      1.43       1.43       0.07   
35624962.00    4201        0         4201      95799        0        95799      95799      95799      0.9492     0.9492     0.0000     0.0000      0.57     67790.1    67790.1      1.41       1.41       0.07   
36562461.00    5461        0         5461      94539        0        94539      94539      94539      0.9449     0.9449     0.0000     0.0000      0.57     66293.7    66293.7      1.43       1.43       0.08   
37499960.00    4166        0         4166      95834        0        95834      95834      95834      0.9462     0.9462     0.0000     0.0000      0.57     67386.9    67386.9      1.42       1.42       0.07   
38437459.00    3994        0         3994      96006        0        96006      96006      96006      0.9462     0.9462     0.0000     0.0000      0.57     67507.8    67507.8      1.42       1.42       0.06   
39374958.00    3913        0         3913      96087        0        96087      96087      96087      0.9478     0.9478     0.0000     0.0000      0.57     67793.5    67793.5      1.42       1.42       0.06   
40312457.00    4413        0         4413      95587        0        95587      95587      95587      0.9514     0.9514     0.0000     0.0000      0.57     67954.0    67954.0      1.41       1.41       0.07   
41249956.00    3959        0         3959      96041        0        96041      96041      96041      0.9428     0.9428     0.0000     0.0000      0.57     67048.0    67048.0      1.43       1.43       0.06   
42187455.00    4169        0         4169      95831        0        95831      95831      95831      0.9419     0.9419     0.0000     0.0000      0.57     66773.7    66773.7      1.44       1.44       0.07   
43124954.00    3921        0         3921      96079        0        96079      96079      96079      0.9411     0.9411     0.0000     0.0000      0.56     66832.8    66832.8      1.44       1.44       0.06   
44062453.00    4109        0         4109      95891        0        95891      95891      95891      0.9465     0.9465     0.0000     0.0000      0.57     67469.7    67469.7      1.42       1.42       0.06   
44999952.00    4307        0         4307      95693        0        95693      95693      95693      0.9470     0.9470     0.0000     0.0000      0.57     67401.6    67401.6      1.42       1.42       0.07   
45937451.00    4302        0         4302      95698        0        95698      95698      95698      0.9389     0.9389     0.0000     0.0000      0.56     66256.9    66256.9      1.44       1.44       0.07   
46874950.00    4013        0         4013      95987        0        95987      95987      95987      0.9440     0.9440     0.0000     0.0000      0.57     67181.0    67181.0      1.43       1.43       0.06   
47812449.00    3879        0         3879      96121        0        96121      96121      96121      0.9429     0.9429     0.0000     0.0000      0.57     67118.1    67118.1      1.43       1.43       0.06   
48749948.00    3780        0         3780      96220        0        96220      96220      96220      0.9448     0.9448     0.0000     0.0000      0.57     67458.2    67458.2      1.43       1.43       0.06   
49687447.00    4109        0         4109      95891        0        95891      95891      95891      0.9514     0.9514     0.0000     0.0000      0.57     68170.1    68170.1      1.41       1.41       0.07   
50624946.00    3797        0         3797      96203        0        96203      96203      96203      0.9436     0.9436     0.0000     0.0000      0.57     67275.1    67275.1      1.43       1.43       0.06   
51562445.00    3693        0         3693      96307        0        96307      96307      96307      0.9539     0.9539     0.0000     0.0000      0.57     68826.1    68826.1      1.40       1.40       0.06   
52499944.00    3716        0         3716      96284        0        96284      96284      96284      0.9490     0.9490     0.0000     0.0000      0.57     68104.6    68104.6      1.41       1.41       0.06   
53437443.00    4113        0         4113      95887        0        95887      95887      95887      0.9469     0.9469     0.0000     0.0000      0.57     67524.0    67524.0      1.42       1.42       0.06   
54374942.00    4043        0         4043      95957        0        95957      95957      95957      0.9440     0.9440     0.0000     0.0000      0.57     67160.0    67160.0      1.43       1.43       0.06   
55312441.00    4186        0         4186      95814        0        95814      95814      95814      0.9482     0.9482     0.0000     0.0000      0.57     67657.9    67657.9      1.42       1.42       0.07   
56249940.00    3892        0         3892      96108        0        96108      96108      96108      0.9481     0.9481     0.0000     0.0000      0.57     67851.2    67851.2      1.42       1.42       0.06   
57187439.00    4600        0         4600      95400        0        95400      95400      95400      0.9432     0.9432     0.0000     0.0000      0.57     66657.0    66657.0      1.43       1.43       0.07   
58124938.00    3697        0         3697      96303        0        96303      96303      96303      0.9419     0.9419     0.0000     0.0000      0.57     67102.6    67102.6      1.44       1.44       0.06   
59062437.00    3286        0         3286      96714        0        96714      96714      96714      0.9526     0.9526     0.0000     0.0000      0.57     68928.7    68928.7      1.40       1.40       0.05   
59999936.00    4257        0         4257      95743        0        95743      95743      95743      0.9490     0.9490     0.0000     0.0000      0.57     67721.9    67721.9      1.41       1.41       0.07   
60937435.00    3828        0         3828      96172        0        96172      96172      96172      0.9442     0.9442     0.0000     0.0000      0.57     67339.0    67339.0      1.43       1.43       0.06   
61874934.00    3877        0         3877      96123        0        96123      96123      96123      0.9478     0.9478     0.0000     0.0000      0.57     67818.9    67818.9      1.42       1.42       0.06   
62812433.00    4048        0         4048      95952        0        95952      95952      95952      0.9450     0.9450     0.0000     0.0000      0.57     67298.8    67298.8      1.43       1.43       0.06   
63749932.00    3902        0         3902      96098        0        96098      96098      96098      0.9422     0.9422     0.0000     0.0000      0.57     67002.4    67002.4      1.43       1.43       0.06   
64687431.00    3958        0         3958      96042        0        96042      96042      96042      0.9501     0.9501     0.0000     0.0000      0.57     68091.0    68091.0      1.41       1.41       0.06   
65624930.00    4338        0         4338      95662        0        95662      95662      95662      0.9519     0.9519     0.0000     0.0000      0.57     68078.8    68078.8      1.41       1.41       0.07   
66562429.00    3634        0         3634      96366        0        96366      96366      96366      0.9461     0.9461     0.0000     0.0000      0.57     67746.6    67746.6      1.42       1.42       0.06   
67499928.00    3644        0         3644      96356        0        96356      96356      96356      0.9489     0.9489     0.0000     0.0000      0.57     68141.2    68141.2      1.41       1.41       0.06   
68437427.00    4103        0         4103      95897        0        95897      95897      95897      0.9453     0.9453     0.0000     0.0000      0.57     67303.0    67303.0      1.42       1.42       0.06   
69374926.00    4029        0         4029      95971        0        95971      95971      95971      0.9477     0.9477     0.0000     0.0000      0.57     67697.3    67697.3      1.42       1.42       0.06   
70312425.00    3358        0         3358      96642        0        96642      96642      96642      0.9494     0.9494     0.0000     0.0000      0.57     68415.5    68415.5      1.41       1.41       0.05   
71249924.00    3956        0         3956      96044        0        96044      96044      96044      0.9545     0.9545     0.0000     0.0000      0.57     68724.6    68724.6      1.40       1.40       0.06   
72187423.00    4131        0         4131      95869        0        95869      95869      95869      0.9471     0.9471     0.0000     0.0000      0.57     67539.8    67539.8      1.42       1.42       0.07   
73124922.00    3832        0         3832      96168        0        96168      96168      96168      0.9463     0.9463     0.0000     0.0000      0.57     67636.0    67636.0      1.42       1.42       0.06   
74062421.00    3748        0         3748      96252        0        96252      96252      96252      0.9441     0.9441     0.0000     0.0000      0.57     67380.7    67380.7      1.43       1.43       0.06   
74999920.00    4244        0         4244      95756        0        95756      95756      95756      0.9434     0.9434     0.0000     0.0000      0.57     66934.1    66934.1      1.43       1.43       0.07   
75937419.00    4070        0         4070      95930        0        95930      95930      95930      0.9461     0.9461     0.0000     0.0000      0.57     67440.1    67440.1      1.42       1.42       0.06   
76874918.00    3826        0         3826      96174        0        96174      96174      96174      0.9477     0.9477     0.0000     0.0000      0.57     67840.5    67840.5      1.42       1.42       0.06   
77812417.00    3863        0         3863      96137        0        96137      96137      96137      0.9428     0.9428     0.0000     0.0000      0.57     67115.0    67115.0      1.43       1.43       0.06   
78749916.00    3665        0         3665      96335        0        96335      96335      96335      0.9448     0.9448     0.0000     0.0000      0.57     67538.9    67538.9      1.43       1.43       0.06   
79687415.00    3565        0         3565      96435        0        96435      96435      96435      0.9548     0.9548     0.0000     0.0000      0.57     69047.7    69047.7      1.40       1.40       0.06   
80624914.00    4224        0         4224      95776        0        95776      95776      95776      0.9496     0.9496     0.0000     0.0000      0.57     67831.0    67831.0      1.41       1.41       0.07   
81562413.00    3575        0         3575      96425        0        96425      96425      96425      0.9504     0.9504     0.0000     0.0000      0.57     68405.7    68405.7      1.41       1.41       0.06   
82499912.00    3873        0         3873      96127        0        96127      96127      96127      0.9465     0.9465     0.0000     0.0000      0.57     67635.8    67635.8      1.42       1.42       0.06   
83437411.00    4019        0         4019      95981        0        95981      95981      95981      0.9510     0.9510     0.0000     0.0000      0.57     68176.7    68176.7      1.41       1.41       0.06   
84374910.00    3717        0         3717      96283        0        96283      96283      96283      0.9479     0.9479     0.0000     0.0000      0.57     67946.1    67946.1      1.42       1.42       0.06   
85312409.00    3839        0         3839      96161        0        96161      96161      96161      0.9509     0.9509     0.0000     0.0000      0.57     68290.2    68290.2      1.41       1.41       0.06   
86249908.00    3701        0         3701      96299        0        96299      96299      96299      0.9506     0.9506     0.0000     0.0000      0.57     68345.1    68345.1      1.41       1.41       0.06   
87187407.00    3974        0         3974      96026        0        96026      96026      96026      0.9461     0.9461     0.0000     0.0000      0.57     67507.6    67507.6      1.42       1.42       0.06   
88124906.00    4128        0         4128      95872        0        95872      95872      95872      0.9455     0.9455     0.0000     0.0000      0.57     67313.9    67313.9      1.42       1.42       0.06   
89062405.00    3204        0         3204      96796        0        96796      96796      96796      0.9465     0.9465     0.0000     0.0000      0.57     68106.5    68106.5      1.42       1.42       0.05   
89999904.00    3730        0         3730      96270        0        96270      96270      96270      0.9488     0.9488     0.0000     0.0000      0.57     68066.0    68066.0      1.41       1.41       0.06   
90937403.00    4021        0         4021      95979        0        95979      95979      95979      0.9460     0.9460     0.0000     0.0000      0.57     67460.3    67460.3      1.42       1.42       0.06   
91874902.00    3811        0         3811      96189        0        96189      96189      96189      0.9433     0.9433     0.0000     0.0000      0.57     67222.5    67222.5      1.43       1.43       0.06   
92812401.00    3916        0         3916      96084        0        96084      96084      96084      0.9471     0.9471     0.0000     0.0000      0.57     67691.3    67691.3      1.42       1.42       0.06   
93749900.00    3665        0         3665      96335        0        96335      96335      96335      0.9487     0.9487     0.0000     0.0000      0.57     68097.6    68097.6      1.41       1.41       0.06   
94687399.00    3568        0         3568      96432        0        96432      96432      96432      0.9552     0.9552     0.0000     0.0000      0.57     69103.4    69103.4      1.40       1.40       0.06   
95624898.00    4443        0         4443      95557        0        95557      95557      95557      0.9500     0.9500     0.0000     0.0000      0.57     67732.9    67732.9      1.41       1.41       0.07   
96562397.00    3522        0         3522      96478        0        96478      96478      96478      0.9480     0.9480     0.0000     0.0000      0.57     68098.1    68098.1      1.42       1.42       0.06   
97499896.00    3978        0         3978      96022        0        96022      96022      96022      0.9439     0.9439     0.0000     0.0000      0.57     67191.2    67191.2      1.43       1.43       0.06   
98437395.00    3664        0         3664      96336        0        96336      96336      96336      0.9579     0.9579     0.0000     0.0000      0.57     69425.5    69425.5      1.39       1.39       0.06   
99374894.00    3533        0         3533      96467        0        96467      96467      96467      0.9499     0.9499     0.0000     0.0000      0.57     68363.5    68363.5      1.41       1.41       0.06   
100312393.00    3684        0         3684      96316        0        96316      96316      96316      0.9512     0.9512     0.0000     0.0000      0.57     68443.5    68443.5      1.41       1.41       0.06   
101249892.00    4071        0         4071      95929        0        95929      95929      95929      0.9497     0.9497     0.0000     0.0000      0.57     67953.6    67953.6      1.41       1.41       0.06   
102187391.00    3860        0         3860      96140        0        96140      96140      96140      0.9485     0.9485     0.0000     0.0000      0.57     67931.1    67931.1      1.42       1.42       0.06   
103124890.00    3357        0         3357      96643        0        96643      96643      96643      0.9490     0.9490     0.0000     0.0000      0.57     68358.5    68358.5      1.41       1.41       0.05   
104062389.00    3807        0         3807      96193        0        96193      96193      96193      0.9529     0.9529     0.0000     0.0000      0.57     68600.6    68600.6      1.40       1.40       0.06   
104999888.00    4250        0         4250      95750        0        95750      95750      95750      0.9528     0.9528     0.0000     0.0000      0.57     68270.4    68270.4      1.40       1.40       0.07   
105937387.00    3895        0         3895      96105        0        96105      96105      96105      0.9390     0.9390     0.0000     0.0000      0.56     66552.9    66552.9      1.44       1.44       0.06   
106874886.00    4276        0         4276      95724        0        95724      95724      95724      0.9396     0.9396     0.0000     0.0000      0.56     66373.8    66373.8      1.44       1.44       0.07   
107812385.00    4061        0         4061      95939        0        95939      95939      95939      0.9423     0.9423     0.0000     0.0000      0.57     66905.8    66905.8      1.43       1.43       0.06   
108749884.00    4047        0         4047      95953        0        95953      95953      95953      0.9477     0.9477     0.0000     0.0000      0.57     67684.7    67684.7      1.42       1.42       0.06   
109687383.00    3554        0         3554      96446        0        96446      96446      96446      0.9492     0.9492     0.0000     0.0000      0.57     68247.9    68247.9      1.41       1.41       0.06   
110624882.00    3726        0         3726      96274        0        96274      96274      96274      0.9502     0.9502     0.0000     0.0000      0.57     68269.9    68269.9      1.41       1.41       0.06   
111562381.00    4054        0         4054      95946        0        95946      95946      95946      0.9458     0.9458     0.0000     0.0000      0.57     67408.6    67408.6      1.42       1.42       0.06   
112499880.00    3897        0         3897      96103        0        96103      96103      96103      0.9394     0.9394     0.0000     0.0000      0.56     66608.2    66608.2      1.44       1.44       0.06   
113437379.00    4259        0         4259      95741        0        95741      95741      95741      0.9463     0.9463     0.0000     0.0000      0.57     67335.7    67335.7      1.42       1.42       0.07   
114374878.00    3426        0         3426      96574        0        96574      96574      96574      0.9481     0.9481     0.0000     0.0000      0.57     68180.2    68180.2      1.42       1.42       0.05   
115312377.00    3715        0         3715      96285        0        96285      96285      96285      0.9484     0.9484     0.0000     0.0000      0.57     68019.2    68019.2      1.42       1.42       0.06   
116249876.00    4180        0         4180      95820        0        95820      95820      95820      0.9462     0.9462     0.0000     0.0000      0.57     67377.0    67377.0      1.42       1.42       0.07   
117187375.00    4209        0         4209      95791        0        95791      95791      95791      0.9434     0.9434     0.0000     0.0000      0.57     66958.6    66958.6      1.43       1.43       0.07   
118124874.00    3819        0         3819      96181        0        96181      96181      96181      0.9486     0.9486     0.0000     0.0000      0.57     67974.4    67974.4      1.41       1.41       0.06   
119062373.00    3696        0         3696      96304        0        96304      96304      96304      0.9511     0.9511     0.0000     0.0000      0.57     68420.6    68420.6      1.41       1.41       0.06   
119999872.00    4125        0         4125      95875        0        95875      95875      95875      0.9413     0.9413     0.0000     0.0000      0.56     66719.3    66719.3      1.44       1.44       0.06   
120937371.00    4076        0         4076      95924        0        95924      95924      95924      0.9502     0.9502     0.0000     0.0000      0.57     68021.7    68021.7      1.41       1.41       0.06   
121874870.00    4046        0         4046      95954        0        95954      95954      95954      0.9433     0.9433     0.0000     0.0000      0.57     67058.3    67058.3      1.43       1.43       0.06   
122812369.00    3686        0         3686      96314        0        96314      96314      96314      0.9454     0.9454     0.0000     0.0000      0.57     67609.9    67609.9      1.42       1.42       0.06   
123749868.00    3704        0         3704      96296        0        96296      96296      96296      0.9481     0.9481     0.0000     0.0000      0.57     67984.0    67984.0      1.42       1.42       0.06   
124687367.00    4164        0         4164      95836        0        95836      95836      95836      0.9469     0.9469     0.0000     0.0000      0.57     67488.0    67488.0      1.42       1.42       0.07   
125624866.00    3558        0         3558      96442        0        96442      96442      96442      0.9524     0.9524     0.0000     0.0000      0.57     68706.0    68706.0      1.40       1.40       0.06   
126562365.00    3629        0         3629      96371        0        96371      96371      96371      0.9499     0.9499     0.0000     0.0000      0.57     68295.5    68295.5      1.41       1.41       0.06   
127499864.00    4510        0         4510      95490        0        95490      95490      95490      0.9464     0.9464     0.0000     0.0000      0.57     67173.4    67173.4      1.42       1.42       0.07   
128437363.00    4477        0         4477      95523        0        95523      95523      95523      0.9427     0.9427     0.0000     0.0000      0.57     66672.2    66672.2      1.43       1.43       0.07   
129374862.00    3839        0         3839      96161        0        96161      96161      96161      0.9473     0.9473     0.0000     0.0000      0.57     67774.1    67774.1      1.42       1.42       0.06   
130312361.00    4084        0         4084      95916        0        95916      95916      95916      0.9434     0.9434     0.0000     0.0000      0.57     67046.0    67046.0      1.43       1.43       0.06   
131249860.00    4059        0         4059      95941        0        95941      95941      95941      0.9440     0.9440     0.0000     0.0000      0.57     67148.8    67148.8      1.43       1.43       0.06   
132187359.00    4051        0         4051      95949        0        95949      95949      95949      0.9439     0.9439     0.0000     0.0000      0.57     67140.1    67140.1      1.43       1.43       0.06   
133124858.00    3919        0         3919      96081        0        96081      96081      96081      0.9469     0.9469     0.0000     0.0000      0.57     67660.6    67660.6      1.42       1.42       0.06   
134062357.00    3296        0         3296      96704        0        96704      96704      96704      0.9516     0.9516     0.0000     0.0000      0.57     68777.0    68777.0      1.41       1.41       0.05   
134999856.00    3628        0         3628      96372        0        96372      96372      96372      0.9495     0.9495     0.0000     0.0000      0.57     68238.7    68238.7      1.41       1.41       0.06   
135937355.00    4154        0         4154      95846        0        95846      95846      95846      0.9462     0.9462     0.0000     0.0000      0.57     67395.3    67395.3      1.42       1.42       0.07   
136874854.00    4141        0         4141      95859        0        95859      95859      95859      0.9443     0.9443     0.0000     0.0000      0.57     67134.0    67134.0      1.43       1.43       0.06   
137812353.00    3557        0         3557      96443        0        96443      96443      96443      0.9494     0.9494     0.0000     0.0000      0.57     68274.6    68274.6      1.41       1.41       0.06   
138749852.00    4489        0         4489      95511        0        95511      95511      95511      0.9422     0.9422     0.0000     0.0000      0.57     66593.1    66593.1      1.43       1.43       0.07   
139687351.00    3804        0         3804      96196        0        96196      96196      96196      0.9425     0.9425     0.0000     0.0000      0.57     67113.5    67113.5      1.43       1.43       0.06   
140624850.00    3737        0         3737      96263        0        96263      96263      96263      0.9456     0.9456     0.0000     0.0000      0.57     67602.7    67602.7      1.42       1.42       0.06   
141562349.00    3622        0         3622      96378        0        96378      96378      96378      0.9485     0.9485     0.0000     0.0000      0.57     68099.3    68099.3      1.42       1.42       0.06   
142499848.00    3521        0         3521      96479        0        96479      96479      96479      0.9511     0.9511     0.0000     0.0000      0.57     68544.9    68544.9      1.41       1.41       0.06   
143437347.00    3798        0         3798      96202        0        96202      96202      96202      0.9473     0.9473     0.0000     0.0000      0.57     67803.0    67803.0      1.42       1.42       0.06   
144374846.00    3741        0         3741      96259        0        96259      96259      96259      0.9472     0.9472     0.0000     0.0000      0.57     67828.9    67828.9      1.42       1.42       0.06   
145312345.00    3470        0         3470      96530        0        96530      96530      96530      0.9495     0.9495     0.0000     0.0000      0.57     68350.6    68350.6      1.41       1.41       0.06   
146249844.00    3210        0         3210      96790        0        96790      96790      96790      0.9562     0.9562     0.0000     0.0000      0.57     69505.3    69505.3      1.39       1.39       0.05   
147187343.00    3911        0         3911      96089        0        96089      96089      96089      0.9546     0.9546     0.0000     0.0000      0.57     68771.2    68771.2      1.40       1.40       0.06   
148124842.00    3920        0         3920      96080        0        96080      96080      96080      0.9460     0.9460     0.0000     0.0000      0.57     67531.3    67531.3      1.42       1.42       0.06   
149062341.00    4573        0         4573      95427        0        95427      95427      95427      0.9449     0.9449     0.0000     0.0000      0.57     66916.4    66916.4      1.43       1.43       0.07   
149999840.00    3509        0         3509      96491        0        96491      96491      96491      0.9451     0.9451     0.0000     0.0000      0.57     67691.2    67691.2      1.43       1.43       0.06   
150937339.00    3271        0         3271      96729        0        96729      96729      96729      0.9465     0.9465     0.0000     0.0000      0.57     68059.4    68059.4      1.42       1.42       0.05   
151874838.00    4419        0         4419      95581        0        95581      95581      95581      0.9439     0.9439     0.0000     0.0000      0.57     66882.6    66882.6      1.43       1.43       0.07   
152812337.00    3854        0         3854      96146        0        96146      96146      96146      0.9471     0.9471     0.0000     0.0000      0.57     67734.9    67734.9      1.42       1.42       0.06   
153749836.00    3558        0         3558      96442        0        96442      96442      96442      0.9457     0.9457     0.0000     0.0000      0.57     67742.8    67742.8      1.42       1.42       0.06   
154687335.00    3665        0         3665      96335        0        96335      96335      96335      0.9517     0.9517     0.0000     0.0000      0.57     68529.0    68529.0      1.41       1.41       0.06   
155624834.00    3405        0         3405      96595        0        96595      96595      96595      0.9500     0.9500     0.0000     0.0000      0.57     68468.6    68468.6      1.41       1.41       0.05   
156562333.00    3714        0         3714      96286        0        96286      96286      96286      0.9508     0.9508     0.0000     0.0000      0.57     68364.6    68364.6      1.41       1.41       0.06   
157499832.00    3707        0         3707      96293        0        96293      96293      96293      0.9465     0.9465     0.0000     0.0000      0.57     67752.6    67752.6      1.42       1.42       0.06   
158437331.00    3788        0         3788      96212        0        96212      96212      96212      0.9503     0.9503     0.0000     0.0000      0.57     68240.2    68240.2      1.41       1.41       0.06   
159374830.00    3979        0         3979      96021        0        96021      96021      96021      0.9491     0.9491     0.0000     0.0000      0.57     67932.9    67932.9      1.41       1.41       0.06   
160312329.00    3366        0         3366      96634        0        96634      96634      96634      0.9555     0.9555     0.0000     0.0000      0.57     69291.7    69291.7      1.39       1.39       0.05   
161249828.00    4138        0         4138      95862        0        95862      95862      95862      0.9466     0.9466     0.0000     0.0000      0.57     67463.6    67463.6      1.42       1.42       0.07   
162187327.00    3614        0         3614      96386        0        96386      96386      96386      0.9478     0.9478     0.0000     0.0000      0.57     68004.4    68004.4      1.42       1.42       0.06   
163124826.00    4128        0         4128      95872        0        95872      95872      95872      0.9509     0.9509     0.0000     0.0000      0.57     68085.0    68085.0      1.41       1.41       0.07   
164062325.00    3887        0         3887      96113        0        96113      96113      96113      0.9484     0.9484     0.0000     0.0000      0.57     67897.7    67897.7      1.42       1.42       0.06   
164999824.00    4096        0         4096      95904        0        95904      95904      95904      0.9470     0.9470     0.0000     0.0000      0.57     67550.2    67550.2      1.42       1.42       0.06   
165937323.00    3530        0         3530      96470        0        96470      96470      96470      0.9436     0.9436     0.0000     0.0000      0.57     67461.8    67461.8      1.43       1.43       0.06   
166874822.00    3650        0         3650      96350        0        96350      96350      96350      0.9495     0.9495     0.0000     0.0000      0.57     68223.1    68223.1      1.41       1.41       0.06   
167812321.00    3557        0         3557      96443        0        96443      96443      96443      0.9521     0.9521     0.0000     0.0000      0.57     68663.5    68663.5      1.40       1.40       0.06   
168749820.00    4072        0         4072      95928        0        95928      95928      95928      0.9496     0.9496     0.0000     0.0000      0.57     67938.6    67938.6      1.41       1.41       0.06   
169687319.00    3796        0         3796      96204        0        96204      96204      96204      0.9496     0.9496     0.0000     0.0000      0.57     68134.1    68134.1      1.41       1.41       0.06   
170624818.00    3821        0         3821      96179        0        96179      96179      96179      0.9435     0.9435     0.0000     0.0000      0.57     67244.1    67244.1      1.43       1.43       0.06   
171562317.00    4145        0         4145      95855        0        95855      95855      95855      0.9457     0.9457     0.0000     0.0000      0.57     67330.4    67330.4      1.42       1.42       0.07   
172499816.00    3696        0         3696      96304        0        96304      96304      96304      0.9496     0.9496     0.0000     0.0000      0.57     68204.9    68204.9      1.41       1.41       0.06   
173437315.00    3619        0         3619      96381        0        96381      96381      96381      0.9506     0.9506     0.0000     0.0000      0.57     68403.3    68403.3      1.41       1.41       0.06   
174374814.00    3852        0         3852      96148        0        96148      96148      96148      0.9497     0.9497     0.0000     0.0000      0.57     68108.8    68108.8      1.41       1.41       0.06   
175312313.00    3745        0         3745      96255        0        96255      96255      96255      0.9528     0.9528     0.0000     0.0000      0.57     68630.4    68630.4      1.40       1.40       0.06   
176249812.00    4207        0         4207      95793        0        95793      95793      95793      0.9543     0.9543     0.0000     0.0000      0.57     68516.2    68516.2      1.40       1.40       0.07   
177187311.00    4054        0         4054      95946        0        95946      95946      95946      0.9424     0.9424     0.0000     0.0000      0.57     66924.8    66924.8      1.43       1.43       0.06   
178124810.00    3395        0         3395      96605        0        96605      96605      96605      0.9549     0.9549     0.0000     0.0000      0.57     69183.9    69183.9      1.40       1.40       0.06   
179062309.00    3857        0         3857      96143        0        96143      96143      96143      0.9542     0.9542     0.0000     0.0000      0.57     68752.2    68752.2      1.40       1.40       0.06   
179999808.00    3925        0         3925      96075        0        96075      96075      96075      0.9502     0.9502     0.0000     0.0000      0.57     68128.7    68128.7      1.41       1.41       0.06   
180937307.00    4175        0         4175      95825        0        95825      95825      95825      0.9444     0.9444     0.0000     0.0000      0.57     67124.4    67124.4      1.43       1.43       0.07   
181874806.00    3745        0         3745      96255        0        96255      96255      96255      0.9459     0.9459     0.0000     0.0000      0.57     67640.0    67640.0      1.42       1.42       0.06   
182812305.00    4537        0         4537      95463        0        95463      95463      95463      0.9426     0.9426     0.0000     0.0000      0.57     66616.2    66616.2      1.43       1.43       0.07   
183749804.00    4021        0         4021      95979        0        95979      95979      95979      0.9436     0.9436     0.0000     0.0000      0.57     67118.5    67118.5      1.43       1.43       0.06   
184687303.00    3818        0         3818      96182        0        96182      96182      96182      0.9486     0.9486     0.0000     0.0000      0.57     67975.1    67975.1      1.41       1.41       0.06   
185624802.00    4126        0         4126      95874        0        95874      95874      95874      0.9453     0.9453     0.0000     0.0000      0.57     67286.8    67286.8      1.42       1.42       0.06   
186562301.00    4103        0         4103      95897        0        95897      95897      95897      0.9487     0.9487     0.0000     0.0000      0.57     67788.0    67788.0      1.41       1.41       0.07   
187499800.00    3968        0         3968      96032        0        96032      96032      96032      0.9441     0.9441     0.0000     0.0000      0.57     67226.7    67226.7      1.43       1.43       0.06   
188437299.00    3975        0         3975      96025        0        96025      96025      96025      0.9447     0.9447     0.0000     0.0000      0.57     67307.3    67307.3      1.43       1.43       0.06   
189374798.00    3923        0         3923      96077        0        96077      96077      96077      0.9546     0.9546     0.0000     0.0000      0.57     68762.6    68762.6      1.40       1.40       0.06   
190312297.00    3551        0         3551      96449        0        96449      96449      96449      0.9469     0.9469     0.0000     0.0000      0.57     67919.7    67919.7      1.42       1.42       0.06   
191249796.00    3673        0         3673      96327        0        96327      96327      96327      0.9431     0.9431     0.0000     0.0000      0.57     67290.4    67290.4      1.43       1.43       0.06   
192187295.00    4162        0         4162      95838        0        95838      95838      95838      0.9456     0.9456     0.0000     0.0000      0.57     67304.3    67304.3      1.42       1.42       0.07   
193124794.00    3939        0         3939      96061        0        96061      96061      96061      0.9496     0.9496     0.0000     0.0000      0.57     68032.8    68032.8      1.41       1.41       0.06   
194062293.00    3765        0         3765      96235        0        96235      96235      96235      0.9469     0.9469     0.0000     0.0000      0.57     67769.0    67769.0      1.42       1.42       0.06   
194999792.00    3940        0         3940      96060        0        96060      96060      96060      0.9518     0.9518     0.0000     0.0000      0.57     68347.7    68347.7      1.41       1.41       0.06   
195937291.00    3578        0         3578      96422        0        96422      96422      96422      0.9528     0.9528     0.0000     0.0000      0.57     68749.5    68749.5      1.40       1.40       0.06   
196874790.00    3773        0         3773      96227        0        96227      96227      96227      0.9478     0.9478     0.0000     0.0000      0.57     67892.3    67892.3      1.42       1.42       0.06   
197812289.00    4048        0         4048      95952        0        95952      95952      95952      0.9493     0.9493     0.0000     0.0000      0.57     67912.7    67912.7      1.41       1.41       0.06   
198749788.00    3555        0         3555      96445        0        96445      96445      96445      0.9453     0.9453     0.0000     0.0000      0.57     67687.6    67687.6      1.42       1.42       0.06   
199687287.00    4036        0         4036      95964        0        95964      95964      95964      0.9533     0.9533     0.0000     0.0000      0.57     68494.8    68494.8      1.40       1.40       0.06   
200624786.00    3974        0         3974      96026        0        96026      96026      96026      0.9514     0.9514     0.0000     0.0000      0.57     68266.1    68266.1      1.41       1.41       0.06   
201562285.00    4225        0         4225      95775        0        95775      95775      95775      0.9473     0.9473     0.0000     0.0000      0.57     67502.1    67502.1      1.42       1.42       0.07   
202499784.00    3913        0         3913      96087        0        96087      96087      96087      0.9500     0.9500     0.0000     0.0000      0.57     68108.6    68108.6      1.41       1.41       0.06   
203437283.00    3745        0         3745      96255        0        96255      96255      96255      0.9473     0.9473     0.0000     0.0000      0.57     67840.4    67840.4      1.42       1.42       0.06   
204374782.00    4242        0         4242      95758        0        95758      95758      95758      0.9454     0.9454     0.0000     0.0000      0.57     67219.6    67219.6      1.42       1.42       0.07   
205312281.00    3760        0         3760      96240        0        96240      96240      96240      0.9512     0.9512     0.0000     0.0000      0.57     68389.5    68389.5      1.41       1.41       0.06   
206249780.00    4458        0         4458      95542        0        95542      95542      95542      0.9453     0.9453     0.0000     0.0000      0.57     67053.8    67053.8      1.42       1.42       0.07   
207187279.00    4249        0         4249      95751        0        95751      95751      95751      0.9467     0.9467     0.0000     0.0000      0.57     67399.7    67399.7      1.42       1.42       0.07   
208124778.00    3646        0         3646      96354        0        96354      96354      96354      0.9412     0.9412     0.0000     0.0000      0.56     67038.4    67038.4      1.44       1.44       0.06   
209062277.00    4016        0         4016      95984        0        95984      95984      95984      0.9486     0.9486     0.0000     0.0000      0.57     67835.2    67835.2      1.41       1.41       0.06   
209999776.00    3644        0         3644      96356        0        96356      96356      96356      0.9448     0.9448     0.0000     0.0000      0.57     67553.6    67553.6      1.43       1.43       0.06   
210937275.00    3629        0         3629      96371        0        96371      96371      96371      0.9490     0.9490     0.0000     0.0000      0.57     68166.1    68166.1      1.41       1.41       0.06   
211874774.00    3959        0         3959      96041        0        96041      96041      96041      0.9467     0.9467     0.0000     0.0000      0.57     67603.8    67603.8      1.42       1.42       0.06   
212812273.00    4086        0         4086      95914        0        95914      95914      95914      0.9488     0.9488     0.0000     0.0000      0.57     67814.3    67814.3      1.41       1.41       0.06   
213749772.00    3858        0         3858      96142        0        96142      96142      96142      0.9457     0.9457     0.0000     0.0000      0.57     67532.0    67532.0      1.42       1.42       0.06   
214687271.00    3417        0         3417      96583        0        96583      96583      96583      0.9509     0.9509     0.0000     0.0000      0.57     68589.9    68589.9      1.41       1.41       0.05   
215624770.00    4013        0         4013      95987        0        95987      95987      95987      0.9477     0.9477     0.0000     0.0000      0.57     67708.6    67708.6      1.42       1.42       0.06   
216562269.00    3633        0         3633      96367        0        96367      96367      96367      0.9441     0.9441     0.0000     0.0000      0.57     67461.2    67461.2      1.43       1.43       0.06   
217499768.00    3535        0         3535      96465        0        96465      96465      96465      0.9493     0.9493     0.0000     0.0000      0.57     68275.8    68275.8      1.41       1.41       0.06   
218437267.00    3518        0         3518      96482        0        96482      96482      96482      0.9527     0.9527     0.0000     0.0000      0.57     68777.8    68777.8      1.40       1.40       0.06   
219374766.00    4019        0         4019      95981        0        95981      95981      95981      0.9549     0.9549     0.0000     0.0000      0.57     68737.1    68737.1      1.40       1.40       0.06   
220312265.00    3859        0         3859      96141        0        96141      96141      96141      0.9462     0.9462     0.0000     0.0000      0.57     67602.8    67602.8      1.42       1.42       0.06   
221249764.00    3704        0         3704      96296        0        96296      96296      96296      0.9491     0.9491     0.0000     0.0000      0.57     68127.4    68127.4      1.41       1.41       0.06   
222187263.00    4040        0         4040      95960        0        95960      95960      95960      0.9431     0.9431     0.0000     0.0000      0.57     67034.1    67034.1      1.43       1.43       0.06   
223124762.00    4039        0         4039      95961        0        95961      95961      95961      0.9483     0.9483     0.0000     0.0000      0.57     67776.0    67776.0      1.42       1.42       0.06   
224062261.00    3870        0         3870      96130        0        96130      96130      96130      0.9479     0.9479     0.0000     0.0000      0.57     67838.1    67838.1      1.42       1.42       0.06   
224999760.00    4171        0         4171      95829        0        95829      95829      95829      0.9453     0.9453     0.0000     0.0000      0.57     67255.2    67255.2      1.42       1.42       0.07   
225937259.00    3708        0         3708      96292        0        96292      96292      96292      0.9505     0.9505     0.0000     0.0000      0.57     68325.7    68325.7      1.41       1.41       0.06   
226874758.00    3775        0         3775      96225        0        96225      96225      96225      0.9461     0.9461     0.0000     0.0000      0.57     67647.5    67647.5      1.42       1.42       0.06   
227812257.00    4171        0         4171      95829        0        95829      95829      95829      0.9440     0.9440     0.0000     0.0000      0.57     67070.4    67070.4      1.43       1.43       0.07   
228749756.00    4283        0         4283      95717        0        95717      95717      95717      0.9490     0.9490     0.0000     0.0000      0.57     67703.5    67703.5      1.41       1.41       0.07   
229687255.00    3689        0         3689      96311        0        96311      96311      96311      0.9430     0.9430     0.0000     0.0000      0.57     67265.0    67265.0      1.43       1.43       0.06   
230624754.00    3887        0         3887      96113        0        96113      96113      96113      0.9474     0.9474     0.0000     0.0000      0.57     67754.6    67754.6      1.42       1.42       0.06   
231562253.00    4118        0         4118      95882        0        95882      95882      95882      0.9521     0.9521     0.0000     0.0000      0.57     68264.1    68264.1      1.40       1.40       0.07   
232499752.00    3703        0         3703      96297        0        96297      96297      96297      0.9456     0.9456     0.0000     0.0000      0.57     67626.6    67626.6      1.42       1.42       0.06   
233437251.00    3755        0         3755      96245        0        96245      96245      96245      0.9499     0.9499     0.0000     0.0000      0.57     68206.2    68206.2      1.41       1.41       0.06   
234374750.00    3656        0         3656      96344        0        96344      96344      96344      0.9457     0.9457     0.0000     0.0000      0.57     67673.9    67673.9      1.42       1.42       0.06   
235312249.00    4333        0         4333      95667        0        95667      95667      95667      0.9527     0.9527     0.0000     0.0000      0.57     68196.9    68196.9      1.40       1.40       0.07   
236249748.00    4211        0         4211      95789        0        95789      95789      95789      0.9438     0.9438     0.0000     0.0000      0.57     67014.0    67014.0      1.43       1.43       0.07   
237187247.00    3776        0         3776      96224        0        96224      96224      96224      0.9473     0.9473     0.0000     0.0000      0.57     67818.5    67818.5      1.42       1.42       0.06   
238124746.00    3830        0         3830      96170        0        96170      96170      96170      0.9432     0.9432     0.0000     0.0000      0.57     67195.0    67195.0      1.43       1.43       0.06   
239062245.00    3976        0         3976      96024        0        96024      96024      96024      0.9491     0.9491     0.0000     0.0000      0.57     67935.0    67935.0      1.41       1.41       0.06   
239999744.00    3822        0         3822      96178        0        96178      96178      96178      0.9444     0.9444     0.0000     0.0000      0.57     67371.7    67371.7      1.43       1.43       0.06   
240937243.00    3689        0         3689      96311        0        96311      96311      96311      0.9470     0.9470     0.0000     0.0000      0.57     67836.9    67836.9      1.42       1.42       0.06   
241874742.00    3521        0         3521      96479        0        96479      96479      96479      0.9575     0.9575     0.0000     0.0000      0.57     69470.5    69470.5      1.39       1.39       0.06   
242812241.00    3756        0         3756      96244        0        96244      96244      96244      0.9502     0.9502     0.0000     0.0000      0.57     68248.6    68248.6      1.41       1.41       0.06   
243749740.00    4119        0         4119      95881        0        95881      95881      95881      0.9492     0.9492     0.0000     0.0000      0.57     67848.1    67848.1      1.41       1.41       0.07   
244687239.00    3598        0         3598      96402        0        96402      96402      96402      0.9438     0.9438     0.0000     0.0000      0.57     67442.8    67442.8      1.43       1.43       0.06   
245624738.00    3399        0         3399      96601        0        96601      96601      96601      0.9539     0.9539     0.0000     0.0000      0.57     69036.3    69036.3      1.40       1.40       0.05   
246562237.00    3617        0         3617      96383        0        96383      96383      96383      0.9525     0.9525     0.0000     0.0000      0.57     68678.4    68678.4      1.40       1.40       0.06   
247499736.00    3925        0         3925      96075        0        96075      96075      96075      0.9507     0.9507     0.0000     0.0000      0.57     68200.5    68200.5      1.41       1.41       0.06   
248437235.00    3647        0         3647      96353        0        96353      96353      96353      0.9446     0.9446     0.0000     0.0000      0.57     67522.9    67522.9      1.43       1.43       0.06   
249374734.00    3814        0         3814      96186        0        96186      96186      96186      0.9476     0.9476     0.0000     0.0000      0.57     67834.7    67834.7      1.42       1.42       0.06   
250312233.00    4210        0         4210      95790        0        95790      95790      95790      0.9494     0.9494     0.0000     0.0000      0.57     67812.3    67812.3      1.41       1.41       0.07   
251249732.00    3917        0         3917      96083        0        96083      96083      96083      0.9476     0.9476     0.0000     0.0000      0.57     67762.1    67762.1      1.42       1.42       0.06   
252187231.00    4170        0         4170      95830        0        95830      95830      95830      0.9536     0.9536     0.0000     0.0000      0.57     68442.2    68442.2      1.40       1.40       0.07   
253124730.00    4124        0         4124      95876        0        95876      95876      95876      0.9431     0.9431     0.0000     0.0000      0.57     66975.4    66975.4      1.43       1.43       0.06   
254062229.00    3404        0         3404      96596        0        96596      96596      96596      0.9544     0.9544     0.0000     0.0000      0.57     69105.1    69105.1      1.40       1.40       0.06   
254999728.00    3738        0         3738      96262        0        96262      96262      96262      0.9514     0.9514     0.0000     0.0000      0.57     68433.9    68433.9      1.41       1.41       0.06   
255937227.00    3531        0         3531      96469        0        96469      96469      96469      0.9490     0.9490     0.0000     0.0000      0.57     68235.5    68235.5      1.41       1.41       0.06   
256874726.00    4452        0         4452      95548        0        95548      95548      95548      0.9454     0.9454     0.0000     0.0000      0.57     67072.2    67072.2      1.42       1.42       0.07   
257812225.00    3569        0         3569      96431        0        96431      96431      96431      0.9467     0.9467     0.0000     0.0000      0.57     67878.4    67878.4      1.42       1.42       0.06   
258749724.00    3785        0         3785      96215        0        96215      96215      96215      0.9457     0.9457     0.0000     0.0000      0.57     67583.3    67583.3      1.42       1.42       0.06   
259687223.00    3442        0         3442      96558        0        96558      96558      96558      0.9506     0.9506     0.0000     0.0000      0.57     68528.9    68528.9      1.41       1.41       0.06   
260624722.00    3704        0         3704      96296        0        96296      96296      96296      0.9496     0.9496     0.0000     0.0000      0.57     68199.2    68199.2      1.41       1.41       0.06   
261562221.00    4409        0         4409      95591        0        95591      95591      95591      0.9465     0.9465     0.0000     0.0000      0.57     67258.6    67258.6      1.42       1.42       0.07   
262499720.00    3923        0         3923      96077        0        96077      96077      96077      0.9428     0.9428     0.0000     0.0000      0.57     67073.1    67073.1      1.43       1.43       0.06   
263437219.00    3876        0         3876      96124        0        96124      96124      96124      0.9487     0.9487     0.0000     0.0000      0.57     67948.4    67948.4      1.41       1.41       0.06   
264374718.00    3350        0         3350      96650        0        96650      96650      96650      0.9478     0.9478     0.0000     0.0000      0.57     68190.7    68190.7      1.42       1.42       0.05   
265312217.00    3962        0         3962      96038        0        96038      96038      96038      0.9421     0.9421     0.0000     0.0000      0.57     66946.4    66946.4      1.43       1.43       0.06   
266249716.00    4397        0         4397      95603        0        95603      95603      95603      0.9408     0.9408     0.0000     0.0000      0.56     66459.3    66459.3      1.44       1.44       0.07   
267187215.00    3994        0         3994      96006        0        96006      96006      96006      0.9461     0.9461     0.0000     0.0000      0.57     67493.6    67493.6      1.42       1.42       0.06   
268124714.00    3735        0         3735      96265        0        96265      96265      96265      0.9452     0.9452     0.0000     0.0000      0.57     67546.9    67546.9      1.43       1.43       0.06   
269062213.00    3706        0         3706      96294        0        96294      96294      96294      0.9449     0.9449     0.0000     0.0000      0.57     67524.4    67524.4      1.43       1.43       0.06   
269999712.00    4471        0         4471      95529        0        95529      95529      95529      0.9448     0.9448     0.0000     0.0000      0.57     66973.8    66973.8      1.43       1.43       0.07   
270937211.00    4369        0         4369      95631        0        95631      95631      95631      0.9431     0.9431     0.0000     0.0000      0.57     66804.2    66804.2      1.43       1.43       0.07   
271874710.00    3249        0         3249      96751        0        96751      96751      96751      0.9445     0.9445     0.0000     0.0000      0.57     67787.4    67787.4      1.43       1.43       0.05   
272812209.00    3803        0         3803      96197        0        96197      96197      96197      0.9444     0.9444     0.0000     0.0000      0.57     67385.0    67385.0      1.43       1.43       0.06   
273749708.00    3700        0         3700      96300        0        96300      96300      96300      0.9443     0.9443     0.0000     0.0000      0.57     67442.9    67442.9      1.43       1.43       0.06   
274687207.00    3969        0         3969      96031        0        96031      96031      96031      0.9425     0.9425     0.0000     0.0000      0.57     66998.3    66998.3      1.43       1.43       0.06   
275624706.00    3665        0         3665      96335        0        96335      96335      96335      0.9489     0.9489     0.0000     0.0000      0.57     68126.3    68126.3      1.41       1.41       0.06   
276562205.00    4161        0         4161      95839        0        95839      95839      95839      0.9474     0.9474     0.0000     0.0000      0.57     67561.4    67561.4      1.42       1.42       0.07   
277499704.00    3424        0         3424      96576        0        96576      96576      96576      0.9487     0.9487     0.0000     0.0000      0.57     68268.0    68268.0      1.41       1.41       0.05   
278437203.00    4030        0         4030      95970        0        95970      95970      95970      0.9496     0.9496     0.0000     0.0000      0.57     67968.4    67968.4      1.41       1.41       0.06   
279374702.00    3753        0         3753      96247        0        96247      96247      96247      0.9514     0.9514     0.0000     0.0000      0.57     68423.2    68423.2      1.41       1.41       0.06   
280312201.00    3913        0         3913      96087        0        96087      96087      96087      0.9530     0.9530     0.0000     0.0000      0.57     68539.4    68539.4      1.40       1.40       0.06   
281249700.00    4183        0         4183      95817        0        95817      95817      95817      0.9465     0.9465     0.0000     0.0000      0.57     67417.7    67417.7      1.42       1.42       0.07   
282187199.00    3631        0         3631      96369        0        96369      96369      96369      0.9479     0.9479     0.0000     0.0000      0.57     68006.8    68006.8      1.42       1.42       0.06   
283124698.00    3882        0         3882      96118        0        96118      96118      96118      0.9571     0.9571     0.0000     0.0000      0.57     69152.7    69152.7      1.39       1.39       0.06   
284062197.00    3985        0         3985      96015        0        96015      96015      96015      0.9491     0.9491     0.0000     0.0000      0.57     67928.6    67928.6      1.41       1.41       0.06   
284999696.00    3971        0         3971      96029        0        96029      96029      96029      0.9488     0.9488     0.0000     0.0000      0.57     67895.6    67895.6      1.41       1.41       0.06   
285937195.00    3797        0         3797      96203        0        96203      96203      96203      0.9494     0.9494     0.0000     0.0000      0.57     68104.7    68104.7      1.41       1.41       0.06   
286874694.00    3826        0         3826      96174        0        96174      96174      96174      0.9502     0.9502     0.0000     0.0000      0.57     68198.9    68198.9      1.41       1.41       0.06   
287812193.00    4135        0         4135      95865        0        95865      95865      95865      0.9468     0.9468     0.0000     0.0000      0.57     67494.2    67494.2      1.42       1.42       0.07   
288749692.00    3746        0         3746      96254        0        96254      96254      96254      0.9509     0.9509     0.0000     0.0000      0.57     68356.3    68356.3      1.41       1.41       0.06   
289687191.00    3921        0         3921      96079        0        96079      96079      96079      0.9483     0.9483     0.0000     0.0000      0.57     67859.4    67859.4      1.42       1.42       0.06   
290624690.00    4172        0         4172      95828        0        95828      95828      95828      0.9493     0.9493     0.0000     0.0000      0.57     67824.9    67824.9      1.41       1.41       0.07   
291562189.00    4094        0         4094      95906        0        95906      95906      95906      0.9507     0.9507     0.0000     0.0000      0.57     68080.5    68080.5      1.41       1.41       0.07   
292499688.00    4333        0         4333      95667        0        95667      95667      95667      0.9441     0.9441     0.0000     0.0000      0.57     66971.2    66971.2      1.43       1.43       0.07   
293437187.00    3805        0         3805      96195        0        96195      96195      96195      0.9485     0.9485     0.0000     0.0000      0.57     67970.0    67970.0      1.42       1.42       0.06   
294374686.00    3605        0         3605      96395        0        96395      96395      96395      0.9452     0.9452     0.0000     0.0000      0.57     67638.2    67638.2      1.43       1.43       0.06   
295312185.00    3622        0         3622      96378        0        96378      96378      96378      0.9467     0.9467     0.0000     0.0000      0.57     67841.0    67841.0      1.42       1.42       0.06   
296249684.00    3869        0         3869      96131        0        96131      96131      96131      0.9453     0.9453     0.0000     0.0000      0.57     67467.2    67467.2      1.42       1.42       0.06   
297187183.00    3773        0         3773      96227        0        96227      96227      96227      0.9425     0.9425     0.0000     0.0000      0.57     67135.1    67135.1      1.43       1.43       0.06   
298124682.00    3725        0         3725      96275        0        96275      96275      96275      0.9439     0.9439     0.0000     0.0000      0.57     67368.3    67368.3      1.43       1.43       0.06   
299062181.00    3827        0         3827      96173        0        96173      96173      96173      0.9467     0.9467     0.0000     0.0000      0.57     67696.7    67696.7      1.42       1.42       0.06   
299999680.00    3652        0         3652      96348        0        96348      96348      96348      0.9452     0.9452     0.0000     0.0000      0.57     67605.2    67605.2      1.43       1.43       0.06   
300937179.00    3821        0         3821      96179        0        96179      96179      96179      0.9518     0.9518     0.0000     0.0000      0.57     68432.4    68432.4      1.41       1.41       0.06   
301874678.00    3957        0         3957      96043        0        96043      96043      96043      0.9450     0.9450     0.0000     0.0000      0.57     67362.7    67362.7      1.43       1.43       0.06   
302812177.00    3927        0         3927      96073        0        96073      96073      96073      0.9483     0.9483     0.0000     0.0000      0.57     67855.1    67855.1      1.42       1.42       0.06   
303749676.00    3911        0         3911      96089        0        96089      96089      96089      0.9491     0.9491     0.0000     0.0000      0.57     67981.0    67981.0      1.41       1.41       0.06   
304687175.00    3690        0         3690      96310        0        96310      96310      96310      0.9470     0.9470     0.0000     0.0000      0.57     67836.2    67836.2      1.42       1.42       0.06   
305624674.00    3570        0         3570      96430        0        96430      96430      96430      0.9488     0.9488     0.0000     0.0000      0.57     68179.1    68179.1      1.41       1.41       0.06   
306562173.00    3978        0         3978      96022        0        96022      96022      96022      0.9470     0.9470     0.0000     0.0000      0.57     67633.3    67633.3      1.42       1.42       0.06   
307499672.00    3547        0         3547      96453        0        96453      96453      96453      0.9499     0.9499     0.0000     0.0000      0.57     68353.6    68353.6      1.41       1.41       0.06   
308437171.00    4197        0         4197      95803        0        95803      95803      95803      0.9468     0.9468     0.0000     0.0000      0.57     67450.5    67450.5      1.42       1.42       0.07   
309374670.00    3810        0         3810      96190        0        96190      96190      96190      0.9438     0.9438     0.0000     0.0000      0.57     67294.5    67294.5      1.43       1.43       0.06   
310312169.00    4041        0         4041      95959        0        95959      95959      95959      0.9523     0.9523     0.0000     0.0000      0.57     68347.6    68347.6      1.40       1.40       0.06   
311249668.00    3791        0         3791      96209        0        96209      96209      96209      0.9473     0.9473     0.0000     0.0000      0.57     67808.0    67808.0      1.42       1.42       0.06   
312187167.00    3615        0         3615      96385        0        96385      96385      96385      0.9464     0.9464     0.0000     0.0000      0.57     67803.0    67803.0      1.42       1.42       0.06   
313124666.00    4118        0         4118      95882        0        95882      95882      95882      0.9448     0.9448     0.0000     0.0000      0.57     67221.3    67221.3      1.43       1.43       0.06   
314062165.00    3791        0         3791      96209        0        96209      96209      96209      0.9476     0.9476     0.0000     0.0000      0.57     67850.9    67850.9      1.42       1.42       0.06   
314999664.00    4120        0         4120      95880        0        95880      95880      95880      0.9411     0.9411     0.0000     0.0000      0.56     66694.4    66694.4      1.44       1.44       0.06   
315937163.00    3304        0         3304      96696        0        96696      96696      96696      0.9418     0.9418     0.0000     0.0000      0.57     67362.1    67362.1      1.44       1.44       0.05   
316874662.00    3757        0         3757      96243        0        96243      96243      96243      0.9393     0.9393     0.0000     0.0000      0.56     66691.1    66691.1      1.44       1.44       0.06   
317812161.00    3452        0         3452      96548        0        96548      96548      96548      0.9379     0.9379     0.0000     0.0000      0.56     66703.1    66703.1      1.45       1.45       0.05   
318749660.00    3577        0         3577      96423        0        96423      96423      96423      0.9477     0.9477     0.0000     0.0000      0.57     68016.2    68016.2      1.42       1.42       0.06   
319687159.00    3772        0         3772      96228        0        96228      96228      96228      0.9432     0.9432     0.0000     0.0000      0.57     67235.5    67235.5      1.43       1.43       0.06   
320624658.00    4337        0         4337      95663        0        95663      95663      95663      0.9466     0.9466     0.0000     0.0000      0.57     67323.5    67323.5      1.42       1.42       0.07   
321562157.00    4371        0         4371      95629        0        95629      95629      95629      0.9426     0.9426     0.0000     0.0000      0.57     66732.0    66732.0      1.43       1.43       0.07   
322499656.00    3508        0         3508      96492        0        96492      96492      96492      0.9425     0.9425     0.0000     0.0000      0.57     67320.0    67320.0      1.43       1.43       0.06   
323437155.00    4190        0         4190      95810        0        95810      95810      95810      0.9470     0.9470     0.0000     0.0000      0.57     67484.0    67484.0      1.42       1.42       0.07   
324374654.00    3474        0         3474      96526        0        96526      96526      96526      0.9460     0.9460     0.0000     0.0000      0.57     67844.8    67844.8      1.42       1.42       0.06   
325312153.00    3956        0         3956      96044        0        96044      96044      96044      0.9517     0.9517     0.0000     0.0000      0.57     68322.0    68322.0      1.41       1.41       0.06   
326249652.00    4261        0         4261      95739        0        95739      95739      95739      0.9481     0.9481     0.0000     0.0000      0.57     67590.7    67590.7      1.42       1.42       0.07   
327187151.00    4688        0         4688      95312        0        95312      95312      95312      0.9440     0.9440     0.0000     0.0000      0.57     66708.5    66708.5      1.43       1.43       0.07   
328124650.00    4118        0         4118      95882        0        95882      95882      95882      0.9418     0.9418     0.0000     0.0000      0.57     66795.1    66795.1      1.44       1.44       0.06   
329062149.00    3956        0         3956      96044        0        96044      96044      96044      0.9416     0.9416     0.0000     0.0000      0.56     66879.5    66879.5      1.44       1.44       0.06   
329999648.00    3510        0         3510      96490        0        96490      96490      96490      0.9492     0.9492     0.0000     0.0000      0.57     68279.1    68279.1      1.41       1.41       0.06   
330937147.00    3396        0         3396      96604        0        96604      96604      96604      0.9484     0.9484     0.0000     0.0000      0.57     68244.6    68244.6      1.42       1.42       0.05   
331874646.00    3728        0         3728      96272        0        96272      96272      96272      0.9519     0.9519     0.0000     0.0000      0.57     68512.9    68512.9      1.41       1.41       0.06   
332812145.00    3706        0         3706      96294        0        96294      96294      96294      0.9486     0.9486     0.0000     0.0000      0.57     68054.3    68054.3      1.41       1.41       0.06   
333749644.00    4155        0         4155      95845        0        95845      95845      95845      0.9496     0.9496     0.0000     0.0000      0.57     67879.8    67879.8      1.41       1.41       0.07   
334687143.00    4098        0         4098      95902        0        95902      95902      95902      0.9442     0.9442     0.0000     0.0000      0.57     67149.9    67149.9      1.43       1.43       0.06   
335624642.00    3555        0         3555      96445        0        96445      96445      96445      0.9454     0.9454     0.0000     0.0000      0.57     67701.9    67701.9      1.42       1.42       0.06   
336562141.00    3518        0         3518      96482        0        96482      96482      96482      0.9587     0.9587     0.0000     0.0000      0.58     69646.9    69646.9      1.39       1.39       0.06   
337499640.00    3833        0         3833      96167        0        96167      96167      96167      0.9437     0.9437     0.0000     0.0000      0.57     67264.2    67264.2      1.43       1.43       0.06   
338437139.00    3756        0         3756      96244        0        96244      96244      96244      0.9515     0.9515     0.0000     0.0000      0.57     68435.5    68435.5      1.41       1.41       0.06   
339374638.00    4207        0         4207      95793        0        95793      95793      95793      0.9429     0.9429     0.0000     0.0000      0.57     66889.0    66889.0      1.43       1.43       0.07   
340312137.00    3668        0         3668      96332        0        96332      96332      96332      0.9424     0.9424     0.0000     0.0000      0.57     67194.1    67194.1      1.43       1.43       0.06   
341249636.00    3575        0         3575      96425        0        96425      96425      96425      0.9544     0.9544     0.0000     0.0000      0.57     68982.7    68982.7      1.40       1.40       0.06   
342187135.00    3798        0         3798      96202        0        96202      96202      96202      0.9489     0.9489     0.0000     0.0000      0.57     68032.3    68032.3      1.41       1.41       0.06   
343124634.00    4113        0         4113      95887        0        95887      95887      95887      0.9428     0.9428     0.0000     0.0000      0.57     66940.5    66940.5      1.43       1.43       0.06   
344062133.00    3598        0         3598      96402        0        96402      96402      96402      0.9556     0.9556     0.0000     0.0000      0.57     69139.8    69139.8      1.39       1.39       0.06   
344999632.00    4284        0         4284      95716        0        95716      95716      95716      0.9459     0.9459     0.0000     0.0000      0.57     67261.2    67261.2      1.42       1.42       0.07   
345937131.00    3604        0         3604      96396        0        96396      96396      96396      0.9498     0.9498     0.0000     0.0000      0.57     68298.8    68298.8      1.41       1.41       0.06   
346874630.00    3844        0         3844      96156        0        96156      96156      96156      0.9546     0.9546     0.0000     0.0000      0.57     68819.1    68819.1      1.40       1.40       0.06   
347812129.00    4034        0         4034      95966        0        95966      95966      95966      0.9512     0.9512     0.0000     0.0000      0.57     68194.8    68194.8      1.41       1.41       0.06   
348749628.00    4178        0         4178      95822        0        95822      95822      95822      0.9457     0.9457     0.0000     0.0000      0.57     67307.3    67307.3      1.42       1.42       0.07   
349687127.00    3491        0         3491      96509        0        96509      96509      96509      0.9481     0.9481     0.0000     0.0000      0.57     68134.3    68134.3      1.42       1.42       0.06   
350624626.00    3926        0         3926      96074        0        96074      96074      96074      0.9444     0.9444     0.0000     0.0000      0.57     67298.9    67298.9      1.43       1.43       0.06   
351562125.00    3621        0         3621      96379        0        96379      96379      96379      0.9490     0.9490     0.0000     0.0000      0.57     68171.8    68171.8      1.41       1.41       0.06   
352499624.00    4059        0         4059      95941        0        95941      95941      95941      0.9504     0.9504     0.0000     0.0000      0.57     68062.4    68062.4      1.41       1.41       0.06   
353437123.00    4074        0         4074      95926        0        95926      95926      95926      0.9491     0.9491     0.0000     0.0000      0.57     67865.7    67865.7      1.41       1.41       0.06   
354374622.00    3465        0         3465      96535        0        96535      96535      96535      0.9457     0.9457     0.0000     0.0000      0.57     67808.1    67808.1      1.42       1.42       0.05   
355312121.00    4057        0         4057      95943        0        95943      95943      95943      0.9453     0.9453     0.0000     0.0000      0.57     67335.3    67335.3      1.42       1.42       0.06   
356249620.00    4047        0         4047      95953        0        95953      95953      95953      0.9484     0.9484     0.0000     0.0000      0.57     67784.7    67784.7      1.42       1.42       0.06   
357187119.00    4503        0         4503      95497        0        95497      95497      95497      0.9401     0.9401     0.0000     0.0000      0.56     66286.9    66286.9      1.44       1.44       0.07   
358124618.00    3554        0         3554      96446        0        96446      96446      96446      0.9490     0.9490     0.0000     0.0000      0.57     68219.2    68219.2      1.41       1.41       0.06   
359062117.00    3578        0         3578      96422        0        96422      96422      96422      0.9443     0.9443     0.0000     0.0000      0.57     67528.3    67528.3      1.43       1.43       0.06   
359999616.00    4065        0         4065      95935        0        95935      95935      95935      0.9476     0.9476     0.0000     0.0000      0.57     67657.7    67657.7      1.42       1.42       0.06   
360937115.00    4069        0         4069      95931        0        95931      95931      95931      0.9489     0.9489     0.0000     0.0000      0.57     67840.6    67840.6      1.41       1.41       0.06   
361874614.00    3425        0         3425      96575        0        96575      96575      96575      0.9482     0.9482     0.0000     0.0000      0.57     68195.3    68195.3      1.42       1.42       0.05   
362812113.00    3896        0         3896      96104        0        96104      96104      96104      0.9498     0.9498     0.0000     0.0000      0.57     68091.9    68091.9      1.41       1.41       0.06   
363749612.00    3980        0         3980      96020        0        96020      96020      96020      0.9505     0.9505     0.0000     0.0000      0.57     68132.7    68132.7      1.41       1.41       0.06   
364687111.00    3889        0         3889      96111        0        96111      96111      96111      0.9443     0.9443     0.0000     0.0000      0.57     67310.5    67310.5      1.43       1.43       0.06   
365624610.00    3488        0         3488      96512        0        96512      96512      96512      0.9484     0.9484     0.0000     0.0000      0.57     68179.6    68179.6      1.42       1.42       0.06   
366562109.00    4015        0         4015      95985        0        95985      95985      95985      0.9476     0.9476     0.0000     0.0000      0.57     67692.9    67692.9      1.42       1.42       0.06   
367499608.00    3713        0         3713      96287        0        96287      96287      96287      0.9511     0.9511     0.0000     0.0000      0.57     68408.5    68408.5      1.41       1.41       0.06   
368437107.00    4336        0         4336      95664        0        95664      95664      95664      0.9474     0.9474     0.0000     0.0000      0.57     67438.1    67438.1      1.42       1.42       0.07   
369374606.00    3831        0         3831      96169        0        96169      96169      96169      0.9488     0.9488     0.0000     0.0000      0.57     67994.6    67994.6      1.41       1.41       0.06   
370312105.00    3369        0         3369      96631        0        96631      96631      96631      0.9496     0.9496     0.0000     0.0000      0.57     68436.5    68436.5      1.41       1.41       0.05   
371249604.00    3446        0         3446      96554        0        96554      96554      96554      0.9514     0.9514     0.0000     0.0000      0.57     68641.4    68641.4      1.41       1.41       0.06   
372187103.00    4529        0         4529      95471        0        95471      95471      95471      0.9435     0.9435     0.0000     0.0000      0.57     66749.1    66749.1      1.43       1.43       0.07   
373124602.00    4073        0         4073      95927        0        95927      95927      95927      0.9451     0.9451     0.0000     0.0000      0.57     67295.5    67295.5      1.43       1.43       0.06   
374062101.00    3813        0         3813      96187        0        96187      96187      96187      0.9460     0.9460     0.0000     0.0000      0.57     67606.5    67606.5      1.42       1.42       0.06   
374999600.00    3761        0         3761      96239        0        96239      96239      96239      0.9485     0.9485     0.0000     0.0000      0.57     68001.1    68001.1      1.42       1.42       0.06   
375937099.00    3969        0         3969      96031        0        96031      96031      96031      0.9460     0.9460     0.0000     0.0000      0.57     67496.9    67496.9      1.42       1.42       0.06   
376874598.00    3883        0         3883      96117        0        96117      96117      96117      0.9493     0.9493     0.0000     0.0000      0.57     68029.5    68029.5      1.41       1.41       0.06   
377812097.00    3762        0         3762      96238        0        96238      96238      96238      0.9475     0.9475     0.0000     0.0000      0.57     67857.0    67857.0      1.42       1.42       0.06   
378749596.00    4029        0         4029      95971        0        95971      95971      95971      0.9503     0.9503     0.0000     0.0000      0.57     68069.3    68069.3      1.41       1.41       0.06   
379687095.00    3716        0         3716      96284        0        96284      96284      96284      0.9497     0.9497     0.0000     0.0000      0.57     68205.1    68205.1      1.41       1.41       0.06   
380624594.00    3714        0         3714      96286        0        96286      96286      96286      0.9489     0.9489     0.0000     0.0000      0.57     68091.7    68091.7      1.41       1.41       0.06   
381562093.00    3922        0         3922      96078        0        96078      96078      96078      0.9492     0.9492     0.0000     0.0000      0.57     67987.5    67987.5      1.41       1.41       0.06   
382499592.00    3721        0         3721      96279        0        96279      96279      96279      0.9490     0.9490     0.0000     0.0000      0.57     68101.1    68101.1      1.41       1.41       0.06   
383437091.00    3760        0         3760      96240        0        96240      96240      96240      0.9499     0.9499     0.0000     0.0000      0.57     68202.7    68202.7      1.41       1.41       0.06   
384374590.00    3822        0         3822      96178        0        96178      96178      96178      0.9471     0.9471     0.0000     0.0000      0.57     67757.5    67757.5      1.42       1.42       0.06   
385312089.00    3886        0         3886      96114        0        96114      96114      96114      0.9461     0.9461     0.0000     0.0000      0.57     67569.5    67569.5      1.42       1.42       0.06   
386249588.00    3826        0         3826      96174        0        96174      96174      96174      0.9446     0.9446     0.0000     0.0000      0.57     67397.4    67397.4      1.43       1.43       0.06   
387187087.00    3621        0         3621      96379        0        96379      96379      96379      0.9529     0.9529     0.0000     0.0000      0.57     68733.3    68733.3      1.40       1.40       0.06   
388124586.00    4000        0         4000      96000        0        96000      96000      96000      0.9441     0.9441     0.0000     0.0000      0.57     67204.3    67204.3      1.43       1.43       0.06   
389062085.00    3616        0         3616      96384        0        96384      96384      96384      0.9488     0.9488     0.0000     0.0000      0.57     68146.6    68146.6      1.41       1.41       0.06   
389999584.00    3951        0         3951      96049        0        96049      96049      96049      0.9483     0.9483     0.0000     0.0000      0.57     67838.2    67838.2      1.42       1.42       0.06   
390937083.00    3593        0         3593      96407        0        96407      96407      96407      0.9444     0.9444     0.0000     0.0000      0.57     67532.1    67532.1      1.43       1.43       0.06   
391874582.00    3643        0         3643      96357        0        96357      96357      96357      0.9520     0.9520     0.0000     0.0000      0.57     68587.8    68587.8      1.40       1.40       0.06   
392812081.00    4459        0         4459      95541        0        95541      95541      95541      0.9518     0.9518     0.0000     0.0000      0.57     67978.4    67978.4      1.41       1.41       0.07   
393749580.00    4043        0         4043      95957        0        95957      95957      95957      0.9491     0.9491     0.0000     0.0000      0.57     67887.6    67887.6      1.41       1.41       0.06   
394687079.00    3896        0         3896      96104        0        96104      96104      96104      0.9489     0.9489     0.0000     0.0000      0.57     67963.0    67963.0      1.41       1.41       0.06   
395624578.00    4287        0         4287      95713        0        95713      95713      95713      0.9488     0.9488     0.0000     0.0000      0.57     67672.2    67672.2      1.41       1.41       0.07   
396562077.00    4212        0         4212      95788        0        95788      95788      95788      0.9475     0.9475     0.0000     0.0000      0.57     67539.7    67539.7      1.42       1.42       0.07   
397499576.00    4236        0         4236      95764        0        95764      95764      95764      0.9430     0.9430     0.0000     0.0000      0.57     66883.0    66883.0      1.43       1.43       0.07   
398437075.00    3274        0         3274      96726        0        96726      96726      96726      0.9469     0.9469     0.0000     0.0000      0.57     68114.8    68114.8      1.42       1.42       0.05   
399374574.00    3537        0         3537      96463        0        96463      96463      96463      0.9533     0.9533     0.0000     0.0000      0.57     68850.9    68850.9      1.40       1.40       0.06   
400312073.00    4099        0         4099      95901        0        95901      95901      95901      0.9503     0.9503     0.0000     0.0000      0.57     68019.7    68019.7      1.41       1.41       0.07   
401249572.00    3510        0         3510      96490        0        96490      96490      96490      0.9482     0.9482     0.0000     0.0000      0.57     68135.3    68135.3      1.42       1.42       0.06   
402187071.00    3923        0         3923      96077        0        96077      96077      96077      0.9515     0.9515     0.0000     0.0000      0.57     68316.7    68316.7      1.41       1.41       0.06   
403124570.00    4031        0         4031      95969        0        95969      95969      95969      0.9487     0.9487     0.0000     0.0000      0.57     67838.9    67838.9      1.41       1.41       0.06   
404062069.00    4392        0         4392      95608        0        95608      95608      95608      0.9420     0.9420     0.0000     0.0000      0.57     66632.5    66632.5      1.43       1.43       0.07   
404999568.00    4161        0         4161      95839        0        95839      95839      95839      0.9472     0.9472     0.0000     0.0000      0.57     67532.9    67532.9      1.42       1.42       0.07   
405937067.00    3813        0         3813      96187        0        96187      96187      96187      0.9487     0.9487     0.0000     0.0000      0.57     67993.0    67993.0      1.41       1.41       0.06   
406874566.00    4191        0         4191      95809        0        95809      95809      95809      0.9440     0.9440     0.0000     0.0000      0.57     67056.4    67056.4      1.43       1.43       0.07   
407812065.00    3517        0         3517      96483        0        96483      96483      96483      0.9491     0.9491     0.0000     0.0000      0.57     68259.7    68259.7      1.41       1.41       0.06   
408749564.00    4369        0         4369      95631        0        95631      95631      95631      0.9454     0.9454     0.0000     0.0000      0.57     67130.5    67130.5      1.42       1.42       0.07   
409687063.00    3895        0         3895      96105        0        96105      96105      96105      0.9519     0.9519     0.0000     0.0000      0.57     68394.1    68394.1      1.41       1.41       0.06   
410624562.00    4269        0         4269      95731        0        95731      95731      95731      0.9472     0.9472     0.0000     0.0000      0.57     67456.8    67456.8      1.42       1.42       0.07   
411562061.00    3956        0         3956      96044        0        96044      96044      96044      0.9444     0.9444     0.0000     0.0000      0.57     67277.8    67277.8      1.43       1.43       0.06   
412499560.00    3884        0         3884      96116        0        96116      96116      96116      0.9529     0.9529     0.0000     0.0000      0.57     68545.7    68545.7      1.40       1.40       0.06   
413437059.00    3441        0         3441      96559        0        96559      96559      96559      0.9441     0.9441     0.0000     0.0000      0.57     67595.6    67595.6      1.43       1.43       0.05   
414374558.00    3922        0         3922      96078        0        96078      96078      96078      0.9500     0.9500     0.0000     0.0000      0.57     68102.2    68102.2      1.41       1.41       0.06   
415312057.00    3949        0         3949      96051        0        96051      96051      96051      0.9504     0.9504     0.0000     0.0000      0.57     68140.4    68140.4      1.41       1.41       0.06   
416249556.00    3500        0         3500      96500        0        96500      96500      96500      0.9528     0.9528     0.0000     0.0000      0.57     68805.1    68805.1      1.40       1.40       0.06   
417187055.00    4057        0         4057      95943        0        95943      95943      95943      0.9445     0.9445     0.0000     0.0000      0.57     67221.3    67221.3      1.43       1.43       0.06   
418124554.00    4063        0         4063      95937        0        95937      95937      95937      0.9472     0.9472     0.0000     0.0000      0.57     67602.0    67602.0      1.42       1.42       0.06   
419062053.00    4311        0         4311      95689        0        95689      95689      95689      0.9425     0.9425     0.0000     0.0000      0.57     66759.7    66759.7      1.43       1.43       0.07   
419999552.00    3432        0         3432      96568        0        96568      96568      96568      0.9439     0.9439     0.0000     0.0000      0.57     67573.3    67573.3      1.43       1.43       0.05   
420937051.00    3513        0         3513      96487        0        96487      96487      96487      0.9513     0.9513     0.0000     0.0000      0.57     68579.4    68579.4      1.41       1.41       0.06   
421874550.00    3665        0         3665      96335        0        96335      96335      96335      0.9488     0.9488     0.0000     0.0000      0.57     68112.0    68112.0      1.41       1.41       0.06   
422812049.00    4022        0         4022      95978        0        95978      95978      95978      0.9496     0.9496     0.0000     0.0000      0.57     67974.0    67974.0      1.41       1.41       0.06   
423749548.00    3451        0         3451      96549        0        96549      96549      96549      0.9459     0.9459     0.0000     0.0000      0.57     67846.6    67846.6      1.42       1.42       0.05   
424687047.00    3818        0         3818      96182        0        96182      96182      96182      0.9513     0.9513     0.0000     0.0000      0.57     68362.6    68362.6      1.41       1.41       0.06   
