           rCoM                     NinBin                    phiLoc                    align                      pInt                     pSwim          
         1.124668                    1638                  5310.548949                -22.373220                5188532.1                   7717.4         
         2.249336                    4892                  15862.242864               -94.592932                15456657.1                 95416.0         
         3.374004                    8251                  26742.363106              -222.454011                26372581.1                 269121.8        
         4.498672                   11507                  37284.261377               -71.974842                37028801.6                 115674.6        
         5.623340                   14757                  47803.483737               106.020323                47357101.1                -265889.3        
         6.748008                   18012                  58325.480899                6.805747                 57658755.6                 -23305.8        
         7.872676                   21313                  68988.587342               216.946773                68129207.4                -714990.1        
         8.997344                   24562                  79464.082676               227.325679                78215027.8                -862459.9        
        10.122012                   27745                  89731.865977               281.379997                87832998.8                -1222747.9       
        11.246680                   30975                 100122.722580               264.304797                97507305.7                -1249946.7       
        12.371348                   34301                 110838.943024               494.598745               107464399.1                -2624778.3       
        13.496016                   37349                 120618.176130               54.833666                116370964.8                -312588.4        
        14.620684                   40780                 131624.366496               -69.918989               126740436.5                 434294.7        
        15.745352                   43833                 141414.881706               97.650332                136313331.8                -655563.7        
        16.870020                   47191                 152227.741186               184.634230               146793627.6                -1358494.7       
        17.994688                   50277                 162085.698289               175.955011               155959351.9                -1347979.7       
        19.119356                   53664                 172947.301068               209.659815               165997054.6                -1758633.5       
        20.244024                   56770                 182870.435353               12.796728                174874568.6                -130130.2        
        21.368692                   60120                 193579.526895               156.997581               184806226.3                -1481784.6       
        22.493360                   63311                 203794.689218               277.868486               194200004.9                -2780999.8       
        23.618028                   66312                 213363.411075               209.451822               202848379.8                -2182533.3       
        24.742696                   69819                 224570.316569               475.218745               213163962.8                -5183492.6       
        25.867364                   72825                 234127.299387               178.391240               221954143.3                -2019693.4       
        26.992032                   76147                 244720.993394               340.355567               231479083.2                -4048837.4       
        28.116700                   79172                 254310.868507               508.955706               239852403.6                -6293967.0       
        29.241368                   82383                 264560.901936               -28.959405               249650727.1                 406017.5        
        30.366036                   85536                 274498.014473               597.247078               258659479.2                -8041728.3       
        31.490704                   88822                 284890.696174               118.203259               268563656.6                -1639996.8       
        32.615372                   91808                 294299.897048               625.305693               277466088.4                -9090326.3       
        33.740040                   94975                 304289.934011               562.348493               286618919.1                -8369640.2       
        34.864708                   98030                 313882.514775               291.986764               295469323.3                -4476415.9       
        35.989376                   101211                323811.949844               967.755845               304756902.6               -15432214.1       
        37.114044                   104104                332860.379516              1218.192113               313254078.7               -20047348.0       
        38.238712                   107278                342680.328599              1874.599457               321829039.1               -31830310.0       
        39.363380                   110066                351202.177194              1772.630059               329234457.5               -30957978.6       
        40.488048                   113259                360931.247305              1953.649995               337693348.3               -35130747.3       
        41.612716                   116074                369311.648459              2295.527594               344333524.8               -42436489.1       
        42.737384                   118905                377769.278224              2702.882354               351471969.8               -51334251.6       
        43.862052                   121817                386238.798958              2666.909798               358580725.3               -52003690.8       
        44.986720                   124426                393666.865390              3180.725782               364448716.9               -63601321.8       
        46.111388                   127309                401820.225124              3375.053681               371115831.5               -69240777.7       
        47.236056                   129633                407966.554228              3976.098951               375563046.9               -83574905.8       
        48.360724                   132347                415226.401749              5334.864752               380719706.1               -114809238.6      
        49.485392                   134429                420316.919262              5177.340052               383083252.9               -113963472.1      
        50.610060                   136552                425651.537354              5618.822541               386808125.6               -126561646.3      
        51.734728                   138300                429537.678259              6330.106164               388733857.8               -145822701.2      
        52.859396                   139916                432905.512363              6450.528968               390402058.1               -151841499.0      
        53.984064                   141781                436488.695818              7981.666383               391814174.9               -191886228.0      
        55.108732                   142983                437713.341652              8216.943744               391117107.2               -201695233.3      
        56.233400                   144373                439361.699288              9162.964897               390805092.8               -229571622.8      
        57.358068                   145138                438592.647856              10301.122446              387981430.8               -263339716.7      
        58.482736                   145457                436256.749542              11340.176339              384371116.7               -295626305.3      
        59.607404                   145777                433862.910319              13101.390070              380543856.4               -348137496.6      
        60.732072                   145260                428324.942419              13934.138901              373364209.0               -377321035.9      
        61.856740                   144592                422200.566144              15222.399879              365932232.0               -419933365.4      
        62.981408                   142993                413217.979465              16681.243313              355515185.0               -468596188.9      
        64.106076                   140772                402509.852300              17750.880983              344018321.2               -507661424.5      
        65.230744                   138311                390509.753328              18820.299408              330949796.0               -547729597.2      
        66.355412                   135015                376553.677174              19745.973257              316290664.0               -584602643.0      
        67.480080                   131229                361356.430837              20738.711306              300872643.5               -624577042.0      
        68.604748                   126609                344146.192394              21327.647159              283928437.7               -653051308.7      
        69.729416                   121387                326109.600771              21706.725447              266725814.2               -675621772.6      
        70.854084                   115911                307287.584251              22055.303194              248228282.7               -697611312.8      
        71.978752                   109727                287412.862098              21469.269040              229621207.0               -689845564.2      
        73.103420                   102629                266475.562637              20207.637292              212257089.4               -659626613.7      
        74.228088                   95407                 245313.375677              18745.627494              194336224.8               -621422164.6      
        75.352756                   88895                 225863.019574              17838.151255              178292408.6               -600345631.5      
        76.477424                   82812                 207277.139012              18073.771255              162860875.0               -617409872.6      
        77.602092                   76488                 188312.736596              17633.562964              146851866.3               -611314543.5      
        78.726760                   70190                 169664.665211              17695.799843              130578550.7               -622432630.8      
        79.851428                   64092                 151799.744440              17186.454912              114860120.4               -613184546.2      
        80.976096                   57293                 133439.843346              15889.163015               99538960.3               -574922839.7      
        82.100764                   50400                 115630.666952              14470.416249               84924288.5               -530833319.0      
        83.225432                   43781                  99296.803463              12695.863751               72103882.2               -472190431.9      
        84.350100                   37707                  84738.494733              10962.348512               60768520.6               -413251804.5      
        85.474768                   32198                  71816.543028              9329.203230                51120923.1               -356442017.0      
        86.599436                   27109                  60234.662677              7613.802687                42804610.7               -294704061.3      
        87.724104                   23012                  50655.593777              6476.869932                35779726.6               -253996986.3      
        88.848772                   19589                  42682.760835              5852.781829                29812325.5               -232496740.6      
        89.973440                   16490                  35504.937893              4901.758296                24415753.2               -197216432.7      
        91.098108                   13697                  29249.843764              4050.897563                19917088.9               -165008653.2      
        92.222776                   11297                  23950.422166              3378.970077                16159606.4               -139338438.6      
        93.347444                    9155                  19345.457968              2621.855044                13146474.4               -109460295.5      
        94.472112                    7578                  15823.984826              2249.900373                10835537.5               -95064863.1       
        95.596780                    6285                  12879.267849              2032.772820                8731765.3                -86933455.2       
        96.721448                    5160                  10258.876171              1743.808223                6724091.1                -75440642.2       
        97.846116                    4196                  8084.535225               1452.343395                5157747.5                -63579248.3       
        98.970784                    3284                  6101.517949               1201.088842                3663600.3                -53170441.8       
        100.095452                   2495                  4448.459283                998.867585                2535520.3                -44730835.7       
        101.220120                   1847                  3127.669690                791.346623                1627315.2                -35838663.4       
        102.344788                   1264                  2030.047442                552.119676                 903750.6                -25274906.6       
        103.469456                   769                   1153.668655                290.170817                 446800.3                -13432736.1       
        104.594124                   432                    620.073205                146.846521                 222031.4                 -6873860.2       
        105.718792                   252                    342.019256                90.053764                  98200.7                  -4256587.6       
        106.843460                   130                    160.772638                42.094246                  23106.7                  -2010132.5       
        107.968128                    40                    44.235148                  6.111306                   2966.8                  -294764.8        
        109.092796                    20                    19.885599                 -1.676733                   1720.7                   81608.6         
        110.217464                    14                    11.981514                  0.889312                   640.1                    -43686.2        
        111.342132                    0                      0.000000                  0.000000                    0.0                       0.0           
        112.466800                    0                      0.000000                  0.000000                    0.0                       0.0           
        113.591468                    0                      0.000000                  0.000000                    0.0                       0.0           
        114.716136                    0                      0.000000                  0.000000                    0.0                       0.0           
        115.840804                    0                      0.000000                  0.000000                    0.0                       0.0           
        116.965472                    0                      0.000000                  0.000000                    0.0                       0.0           
        118.090140                    0                      0.000000                  0.000000                    0.0                       0.0           
        119.214808                    0                      0.000000                  0.000000                    0.0                       0.0           
        120.339476                    0                      0.000000                  0.000000                    0.0                       0.0           
        121.464144                    0                      0.000000                  0.000000                    0.0                       0.0           
        122.588812                    0                      0.000000                  0.000000                    0.0                       0.0           
        123.713480                    0                      0.000000                  0.000000                    0.0                       0.0           
        124.838148                    0                      0.000000                  0.000000                    0.0                       0.0           
        125.962816                    0                      0.000000                  0.000000                    0.0                       0.0           
        127.087484                    0                      0.000000                  0.000000                    0.0                       0.0           
        128.212152                    0                      0.000000                  0.000000                    0.0                       0.0           
        129.336820                    0                      0.000000                  0.000000                    0.0                       0.0           
        130.461488                    0                      0.000000                  0.000000                    0.0                       0.0           
        131.586156                    0                      0.000000                  0.000000                    0.0                       0.0           
        132.710824                    0                      0.000000                  0.000000                    0.0                       0.0           
        133.835492                    0                      0.000000                  0.000000                    0.0                       0.0           
        134.960160                    0                      0.000000                  0.000000                    0.0                       0.0           
        136.084828                    0                      0.000000                  0.000000                    0.0                       0.0           
        137.209496                    0                      0.000000                  0.000000                    0.0                       0.0           
        138.334164                    0                      0.000000                  0.000000                    0.0                       0.0           
        139.458832                    0                      0.000000                  0.000000                    0.0                       0.0           
        140.583500                    0                      0.000000                  0.000000                    0.0                       0.0           
        141.708168                    0                      0.000000                  0.000000                    0.0                       0.0           
        142.832836                    0                      0.000000                  0.000000                    0.0                       0.0           
        143.957504                    0                      0.000000                  0.000000                    0.0                       0.0           
        145.082172                    0                      0.000000                  0.000000                    0.0                       0.0           
        146.206840                    0                      0.000000                  0.000000                    0.0                       0.0           
        147.331508                    0                      0.000000                  0.000000                    0.0                       0.0           
        148.456176                    0                      0.000000                  0.000000                    0.0                       0.0           
        149.580844                    0                      0.000000                  0.000000                    0.0                       0.0           
        150.705512                    0                      0.000000                  0.000000                    0.0                       0.0           
        151.830180                    0                      0.000000                  0.000000                    0.0                       0.0           
        152.954848                    0                      0.000000                  0.000000                    0.0                       0.0           
        154.079516                    0                      0.000000                  0.000000                    0.0                       0.0           
        155.204184                    0                      0.000000                  0.000000                    0.0                       0.0           
        156.328852                    0                      0.000000                  0.000000                    0.0                       0.0           
        157.453520                    0                      0.000000                  0.000000                    0.0                       0.0           
        158.578188                    0                      0.000000                  0.000000                    0.0                       0.0           
        159.702856                    0                      0.000000                  0.000000                    0.0                       0.0           
        160.827524                    0                      0.000000                  0.000000                    0.0                       0.0           
        161.952192                    0                      0.000000                  0.000000                    0.0                       0.0           
        163.076860                    0                      0.000000                  0.000000                    0.0                       0.0           
        164.201528                    0                      0.000000                  0.000000                    0.0                       0.0           
        165.326196                    0                      0.000000                  0.000000                    0.0                       0.0           
        166.450864                    0                      0.000000                  0.000000                    0.0                       0.0           
        167.575532                    0                      0.000000                  0.000000                    0.0                       0.0           
        168.700200                    0                      0.000000                  0.000000                    0.0                       0.0           
        169.824868                    0                      0.000000                  0.000000                    0.0                       0.0           
        170.949536                    0                      0.000000                  0.000000                    0.0                       0.0           
        172.074204                    0                      0.000000                  0.000000                    0.0                       0.0           
        173.198872                    0                      0.000000                  0.000000                    0.0                       0.0           
        174.323540                    0                      0.000000                  0.000000                    0.0                       0.0           
        175.448208                    0                      0.000000                  0.000000                    0.0                       0.0           
        176.572876                    0                      0.000000                  0.000000                    0.0                       0.0           
        177.697544                    0                      0.000000                  0.000000                    0.0                       0.0           
        178.822212                    0                      0.000000                  0.000000                    0.0                       0.0           
        179.946880                    0                      0.000000                  0.000000                    0.0                       0.0           
        181.071548                    0                      0.000000                  0.000000                    0.0                       0.0           
        182.196216                    0                      0.000000                  0.000000                    0.0                       0.0           
        183.320884                    0                      0.000000                  0.000000                    0.0                       0.0           
        184.445552                    0                      0.000000                  0.000000                    0.0                       0.0           
        185.570220                    0                      0.000000                  0.000000                    0.0                       0.0           
        186.694888                    0                      0.000000                  0.000000                    0.0                       0.0           
        187.819556                    0                      0.000000                  0.000000                    0.0                       0.0           
        188.944224                    0                      0.000000                  0.000000                    0.0                       0.0           
        190.068892                    0                      0.000000                  0.000000                    0.0                       0.0           
        191.193560                    0                      0.000000                  0.000000                    0.0                       0.0           
        192.318228                    0                      0.000000                  0.000000                    0.0                       0.0           
        193.442896                    0                      0.000000                  0.000000                    0.0                       0.0           
        194.567564                    0                      0.000000                  0.000000                    0.0                       0.0           
        195.692232                    0                      0.000000                  0.000000                    0.0                       0.0           
        196.816900                    0                      0.000000                  0.000000                    0.0                       0.0           
        197.941568                    0                      0.000000                  0.000000                    0.0                       0.0           
        199.066236                    0                      0.000000                  0.000000                    0.0                       0.0           
        200.190904                    0                      0.000000                  0.000000                    0.0                       0.0           
        201.315572                    0                      0.000000                  0.000000                    0.0                       0.0           
        202.440240                    0                      0.000000                  0.000000                    0.0                       0.0           
        203.564908                    0                      0.000000                  0.000000                    0.0                       0.0           
        204.689576                    0                      0.000000                  0.000000                    0.0                       0.0           
        205.814244                    0                      0.000000                  0.000000                    0.0                       0.0           
        206.938912                    0                      0.000000                  0.000000                    0.0                       0.0           
        208.063580                    0                      0.000000                  0.000000                    0.0                       0.0           
        209.188248                    0                      0.000000                  0.000000                    0.0                       0.0           
        210.312916                    0                      0.000000                  0.000000                    0.0                       0.0           
        211.437584                    0                      0.000000                  0.000000                    0.0                       0.0           
        212.562252                    0                      0.000000                  0.000000                    0.0                       0.0           
        213.686920                    0                      0.000000                  0.000000                    0.0                       0.0           
        214.811588                    0                      0.000000                  0.000000                    0.0                       0.0           
        215.936256                    0                      0.000000                  0.000000                    0.0                       0.0           
        217.060924                    0                      0.000000                  0.000000                    0.0                       0.0           
        218.185592                    0                      0.000000                  0.000000                    0.0                       0.0           
        219.310260                    0                      0.000000                  0.000000                    0.0                       0.0           
        220.434928                    0                      0.000000                  0.000000                    0.0                       0.0           
        221.559596                    0                      0.000000                  0.000000                    0.0                       0.0           
        222.684264                    0                      0.000000                  0.000000                    0.0                       0.0           
        223.808932                    0                      0.000000                  0.000000                    0.0                       0.0           
        224.933600                    0                      0.000000                  0.000000                    0.0                       0.0           
        226.058268                    0                      0.000000                  0.000000                    0.0                       0.0           
        227.182936                    0                      0.000000                  0.000000                    0.0                       0.0           
        228.307604                    0                      0.000000                  0.000000                    0.0                       0.0           
        229.432272                    0                      0.000000                  0.000000                    0.0                       0.0           
        230.556940                    0                      0.000000                  0.000000                    0.0                       0.0           
        231.681608                    0                      0.000000                  0.000000                    0.0                       0.0           
        232.806276                    0                      0.000000                  0.000000                    0.0                       0.0           
        233.930944                    0                      0.000000                  0.000000                    0.0                       0.0           
        235.055612                    0                      0.000000                  0.000000                    0.0                       0.0           
        236.180280                    0                      0.000000                  0.000000                    0.0                       0.0           
        237.304948                    0                      0.000000                  0.000000                    0.0                       0.0           
        238.429616                    0                      0.000000                  0.000000                    0.0                       0.0           
        239.554284                    0                      0.000000                  0.000000                    0.0                       0.0           
        240.678952                    0                      0.000000                  0.000000                    0.0                       0.0           
        241.803620                    0                      0.000000                  0.000000                    0.0                       0.0           
        242.928288                    0                      0.000000                  0.000000                    0.0                       0.0           
        244.052956                    0                      0.000000                  0.000000                    0.0                       0.0           
        245.177624                    0                      0.000000                  0.000000                    0.0                       0.0           
        246.302292                    0                      0.000000                  0.000000                    0.0                       0.0           
        247.426960                    0                      0.000000                  0.000000                    0.0                       0.0           
        248.551628                    0                      0.000000                  0.000000                    0.0                       0.0           
        249.676296                    0                      0.000000                  0.000000                    0.0                       0.0           
        250.800964                    0                      0.000000                  0.000000                    0.0                       0.0           
        251.925632                    0                      0.000000                  0.000000                    0.0                       0.0           
        253.050300                    0                      0.000000                  0.000000                    0.0                       0.0           
        254.174968                    0                      0.000000                  0.000000                    0.0                       0.0           
        255.299636                    0                      0.000000                  0.000000                    0.0                       0.0           
        256.424304                    0                      0.000000                  0.000000                    0.0                       0.0           
        257.548972                    0                      0.000000                  0.000000                    0.0                       0.0           
        258.673640                    0                      0.000000                  0.000000                    0.0                       0.0           
        259.798308                    0                      0.000000                  0.000000                    0.0                       0.0           
        260.922976                    0                      0.000000                  0.000000                    0.0                       0.0           
        262.047644                    0                      0.000000                  0.000000                    0.0                       0.0           
        263.172312                    0                      0.000000                  0.000000                    0.0                       0.0           
        264.296980                    0                      0.000000                  0.000000                    0.0                       0.0           
        265.421648                    0                      0.000000                  0.000000                    0.0                       0.0           
        266.546316                    0                      0.000000                  0.000000                    0.0                       0.0           
        267.670984                    0                      0.000000                  0.000000                    0.0                       0.0           
        268.795652                    0                      0.000000                  0.000000                    0.0                       0.0           
        269.920320                    0                      0.000000                  0.000000                    0.0                       0.0           
        271.044988                    0                      0.000000                  0.000000                    0.0                       0.0           
        272.169656                    0                      0.000000                  0.000000                    0.0                       0.0           
        273.294324                    0                      0.000000                  0.000000                    0.0                       0.0           
        274.418992                    0                      0.000000                  0.000000                    0.0                       0.0           
        275.543660                    0                      0.000000                  0.000000                    0.0                       0.0           
        276.668328                    0                      0.000000                  0.000000                    0.0                       0.0           
        277.792996                    0                      0.000000                  0.000000                    0.0                       0.0           
        278.917664                    0                      0.000000                  0.000000                    0.0                       0.0           
        280.042332                    0                      0.000000                  0.000000                    0.0                       0.0           
        281.167000                    0                      0.000000                  0.000000                    0.0                       0.0           
        282.291668                    0                      0.000000                  0.000000                    0.0                       0.0           
        283.416336                    0                      0.000000                  0.000000                    0.0                       0.0           
        284.541004                    0                      0.000000                  0.000000                    0.0                       0.0           
        285.665672                    0                      0.000000                  0.000000                    0.0                       0.0           
        286.790340                    0                      0.000000                  0.000000                    0.0                       0.0           
        287.915008                    0                      0.000000                  0.000000                    0.0                       0.0           
        289.039676                    0                      0.000000                  0.000000                    0.0                       0.0           
        290.164344                    0                      0.000000                  0.000000                    0.0                       0.0           
        291.289012                    0                      0.000000                  0.000000                    0.0                       0.0           
        292.413680                    0                      0.000000                  0.000000                    0.0                       0.0           
        293.538348                    0                      0.000000                  0.000000                    0.0                       0.0           
        294.663016                    0                      0.000000                  0.000000                    0.0                       0.0           
        295.787684                    0                      0.000000                  0.000000                    0.0                       0.0           
        296.912352                    0                      0.000000                  0.000000                    0.0                       0.0           
        298.037020                    0                      0.000000                  0.000000                    0.0                       0.0           
        299.161688                    0                      0.000000                  0.000000                    0.0                       0.0           
        300.286356                    0                      0.000000                  0.000000                    0.0                       0.0           
        301.411024                    0                      0.000000                  0.000000                    0.0                       0.0           
        302.535692                    0                      0.000000                  0.000000                    0.0                       0.0           
        303.660360                    0                      0.000000                  0.000000                    0.0                       0.0           
        304.785028                    0                      0.000000                  0.000000                    0.0                       0.0           
        305.909696                    0                      0.000000                  0.000000                    0.0                       0.0           
        307.034364                    0                      0.000000                  0.000000                    0.0                       0.0           
        308.159032                    0                      0.000000                  0.000000                    0.0                       0.0           
        309.283700                    0                      0.000000                  0.000000                    0.0                       0.0           
        310.408368                    0                      0.000000                  0.000000                    0.0                       0.0           
        311.533036                    0                      0.000000                  0.000000                    0.0                       0.0           
        312.657704                    0                      0.000000                  0.000000                    0.0                       0.0           
        313.782372                    0                      0.000000                  0.000000                    0.0                       0.0           
        314.907040                    0                      0.000000                  0.000000                    0.0                       0.0           
        316.031708                    0                      0.000000                  0.000000                    0.0                       0.0           
        317.156376                    0                      0.000000                  0.000000                    0.0                       0.0           
        318.281044                    0                      0.000000                  0.000000                    0.0                       0.0           
        319.405712                    0                      0.000000                  0.000000                    0.0                       0.0           
        320.530380                    0                      0.000000                  0.000000                    0.0                       0.0           
        321.655048                    0                      0.000000                  0.000000                    0.0                       0.0           
        322.779716                    0                      0.000000                  0.000000                    0.0                       0.0           
        323.904384                    0                      0.000000                  0.000000                    0.0                       0.0           
        325.029052                    0                      0.000000                  0.000000                    0.0                       0.0           
        326.153720                    0                      0.000000                  0.000000                    0.0                       0.0           
        327.278388                    0                      0.000000                  0.000000                    0.0                       0.0           
        328.403056                    0                      0.000000                  0.000000                    0.0                       0.0           
        329.527724                    0                      0.000000                  0.000000                    0.0                       0.0           
        330.652392                    0                      0.000000                  0.000000                    0.0                       0.0           
        331.777060                    0                      0.000000                  0.000000                    0.0                       0.0           
        332.901728                    0                      0.000000                  0.000000                    0.0                       0.0           
        334.026396                    0                      0.000000                  0.000000                    0.0                       0.0           
        335.151064                    0                      0.000000                  0.000000                    0.0                       0.0           
        336.275732                    0                      0.000000                  0.000000                    0.0                       0.0           
        337.400400                    0                      0.000000                  0.000000                    0.0                       0.0           
        338.525068                    0                      0.000000                  0.000000                    0.0                       0.0           
        339.649736                    0                      0.000000                  0.000000                    0.0                       0.0           
        340.774404                    0                      0.000000                  0.000000                    0.0                       0.0           
        341.899072                    0                      0.000000                  0.000000                    0.0                       0.0           
        343.023740                    0                      0.000000                  0.000000                    0.0                       0.0           
        344.148408                    0                      0.000000                  0.000000                    0.0                       0.0           
        345.273076                    0                      0.000000                  0.000000                    0.0                       0.0           
        346.397744                    0                      0.000000                  0.000000                    0.0                       0.0           
        347.522412                    0                      0.000000                  0.000000                    0.0                       0.0           
        348.647080                    0                      0.000000                  0.000000                    0.0                       0.0           
        349.771748                    0                      0.000000                  0.000000                    0.0                       0.0           
        350.896416                    0                      0.000000                  0.000000                    0.0                       0.0           
        352.021084                    0                      0.000000                  0.000000                    0.0                       0.0           
        353.145752                    0                      0.000000                  0.000000                    0.0                       0.0           
        354.270420                    0                      0.000000                  0.000000                    0.0                       0.0           
        355.395088                    0                      0.000000                  0.000000                    0.0                       0.0           
        356.519756                    0                      0.000000                  0.000000                    0.0                       0.0           
        357.644424                    0                      0.000000                  0.000000                    0.0                       0.0           
        358.769092                    0                      0.000000                  0.000000                    0.0                       0.0           
        359.893760                    0                      0.000000                  0.000000                    0.0                       0.0           
        361.018428                    0                      0.000000                  0.000000                    0.0                       0.0           
        362.143096                    0                      0.000000                  0.000000                    0.0                       0.0           
        363.267764                    0                      0.000000                  0.000000                    0.0                       0.0           
        364.392432                    0                      0.000000                  0.000000                    0.0                       0.0           
        365.517100                    0                      0.000000                  0.000000                    0.0                       0.0           
        366.641768                    0                      0.000000                  0.000000                    0.0                       0.0           
        367.766436                    0                      0.000000                  0.000000                    0.0                       0.0           
        368.891104                    0                      0.000000                  0.000000                    0.0                       0.0           
        370.015772                    0                      0.000000                  0.000000                    0.0                       0.0           
        371.140440                    0                      0.000000                  0.000000                    0.0                       0.0           
        372.265108                    0                      0.000000                  0.000000                    0.0                       0.0           
        373.389776                    0                      0.000000                  0.000000                    0.0                       0.0           
        374.514444                    0                      0.000000                  0.000000                    0.0                       0.0           
        375.639112                    0                      0.000000                  0.000000                    0.0                       0.0           
        376.763780                    0                      0.000000                  0.000000                    0.0                       0.0           
