           rCoM                     NinBin                    phiLoc                    align                      pInt                     pSwim          
         1.124942                    2863                  16122.786649               327.879785                2531847.2                  -1143.8         
         2.249884                    8566                  48237.949383              26512.811902               7542526.9                  -50635.8        
         3.374826                   14237                  80167.254566              22628.114505               12494367.5                 -62890.5        
         4.499768                   19982                 112526.560559              36363.244961               17487523.0                -157121.1        
         5.624710                   25633                 144338.947306              13372.084830               22393542.7                 -71852.4        
         6.749652                   31318                 176330.301759              61469.931303               27180920.1                -378020.6        
         7.874594                   36966                 208088.021418             -17803.489708               32102332.4                 133937.7        
         8.999536                   42641                 239944.298935             -124887.774017              37190425.8                1062986.3        
        10.124478                   48552                 273065.461401              59084.841289               42464695.3                -571392.9        
        11.249420                   53991                 303450.966092              67230.894434               47113532.1                -732846.3        
        12.374362                   59766                 335582.919840              16199.065982               51973347.0                -171191.4        
        13.499304                   65531                 367442.441636             -55239.928552               57122664.1                 698938.8        
        14.624246                   71022                 397383.687441             -14348.149621               61864881.5                 180719.2        
        15.749188                   76809                 428353.963776             170475.520158               66608340.8                -2621374.3       
        16.874130                   82323                 456817.207222             281784.694354               70967420.2                -4621098.9       
        17.999072                   87739                 483261.911889             415077.931476               74851222.7                -7230456.4       
        19.124014                   93392                 508862.818979             470612.035183               78969548.6                -8768495.8       
        20.248956                   98589                 529063.904006             719050.528626               82254951.1               -14192533.2       
        21.373898                   103806                545610.067025             1008011.720702              85010049.0               -21011327.4       
        22.498840                   108471                554965.255861             1519072.898300              86511602.1               -33386606.3       
        23.623782                   112591                557132.179754             2194858.916697              86878487.0               -50672004.3       
        24.748724                   115421                548532.452295             2818688.664193              85333000.9               -68248718.8       
        25.873666                   116690                529745.941266             3554941.721898              81982400.7               -90078127.6       
        26.998608                   116363                501666.679169             4444418.157617              76426977.5               -117567922.4      
        28.123550                   112896                461076.312585             5226566.238443              68394793.5               -144118623.2      
        29.248492                   106330                410319.250548             5804783.710182              58547208.1               -166551371.2      
        30.373434                   96030                 349787.562911             5910443.019326              47203126.1               -176192357.7      
        31.498376                   83260                 285721.557920             5585391.514114              35829227.6               -172734201.5      
        32.623318                   67648                 219043.115108             4658439.933450              25160704.2               -149257774.1      
        33.748260                   51776                 158423.055015             3378695.938175              16752235.5               -112006659.5      
        34.873202                   37817                 109176.671802             2376738.258353              10579680.2               -81465507.5       
        35.998144                   26405                  71615.097635             1591268.271589              6272338.3                -56320368.1       
        37.123086                   17905                  45206.206869             1004378.148218              3387187.9                -36677689.3       
        38.248028                   11493                  26570.545317             550915.701565               1559171.1                -20729014.5       
        39.372970                    7018                  14545.694405             215642.851788                600599.1                 -8348625.7       
        40.497912                    4241                  7716.818957               58999.554592                212034.9                 -2347808.4       
        41.622854                    2564                  3959.324562               1619.781252                 70060.0                   -66284.0        
        42.747796                    1506                  1987.445386              -14835.185063                29270.5                   624645.8        
        43.872738                    980                   1114.719824               -9253.388251                18283.6                   401336.0        
        44.997680                    562                    540.531370               -1374.099526                 8619.8                   60777.1         
        46.122622                    335                    271.967439               -5419.337801                 5019.4                   245921.7        
        47.247564                    193                    141.345230               -2999.960279                 3321.7                   139307.7        
        48.372506                    109                    72.454388                -816.940933                  1643.7                   39230.2         
        49.497448                     59                    36.760310                 141.128796                  916.6                    -6964.4         
        50.622390                     25                    14.597628                1019.950878                  296.6                    -51139.1        
        51.747332                     6                      3.527982                 182.454577                  183.2                    -9350.3         
        52.872274                     5                      2.993027                 123.666092                   94.3                    -6451.8         
        53.997216                     0                      0.000000                  0.000000                    0.0                       0.0           
        55.122158                     0                      0.000000                  0.000000                    0.0                       0.0           
        56.247100                     0                      0.000000                  0.000000                    0.0                       0.0           
        57.372042                     0                      0.000000                  0.000000                    0.0                       0.0           
        58.496984                     0                      0.000000                  0.000000                    0.0                       0.0           
        59.621926                     0                      0.000000                  0.000000                    0.0                       0.0           
        60.746868                     0                      0.000000                  0.000000                    0.0                       0.0           
        61.871810                     0                      0.000000                  0.000000                    0.0                       0.0           
        62.996752                     0                      0.000000                  0.000000                    0.0                       0.0           
        64.121694                     0                      0.000000                  0.000000                    0.0                       0.0           
        65.246636                     0                      0.000000                  0.000000                    0.0                       0.0           
        66.371578                     0                      0.000000                  0.000000                    0.0                       0.0           
        67.496520                     0                      0.000000                  0.000000                    0.0                       0.0           
        68.621462                     0                      0.000000                  0.000000                    0.0                       0.0           
        69.746404                     0                      0.000000                  0.000000                    0.0                       0.0           
        70.871346                     0                      0.000000                  0.000000                    0.0                       0.0           
        71.996288                     0                      0.000000                  0.000000                    0.0                       0.0           
        73.121230                     0                      0.000000                  0.000000                    0.0                       0.0           
        74.246172                     0                      0.000000                  0.000000                    0.0                       0.0           
        75.371114                     0                      0.000000                  0.000000                    0.0                       0.0           
        76.496056                     0                      0.000000                  0.000000                    0.0                       0.0           
        77.620998                     0                      0.000000                  0.000000                    0.0                       0.0           
        78.745940                     0                      0.000000                  0.000000                    0.0                       0.0           
        79.870882                     0                      0.000000                  0.000000                    0.0                       0.0           
        80.995824                     0                      0.000000                  0.000000                    0.0                       0.0           
        82.120766                     0                      0.000000                  0.000000                    0.0                       0.0           
        83.245708                     0                      0.000000                  0.000000                    0.0                       0.0           
        84.370650                     0                      0.000000                  0.000000                    0.0                       0.0           
        85.495592                     0                      0.000000                  0.000000                    0.0                       0.0           
        86.620534                     0                      0.000000                  0.000000                    0.0                       0.0           
        87.745476                     0                      0.000000                  0.000000                    0.0                       0.0           
        88.870418                     0                      0.000000                  0.000000                    0.0                       0.0           
        89.995360                     0                      0.000000                  0.000000                    0.0                       0.0           
        91.120302                     0                      0.000000                  0.000000                    0.0                       0.0           
        92.245244                     0                      0.000000                  0.000000                    0.0                       0.0           
        93.370186                     0                      0.000000                  0.000000                    0.0                       0.0           
        94.495128                     0                      0.000000                  0.000000                    0.0                       0.0           
        95.620070                     0                      0.000000                  0.000000                    0.0                       0.0           
        96.745012                     0                      0.000000                  0.000000                    0.0                       0.0           
        97.869954                     0                      0.000000                  0.000000                    0.0                       0.0           
        98.994896                     0                      0.000000                  0.000000                    0.0                       0.0           
        100.119838                    0                      0.000000                  0.000000                    0.0                       0.0           
        101.244780                    0                      0.000000                  0.000000                    0.0                       0.0           
        102.369722                    0                      0.000000                  0.000000                    0.0                       0.0           
        103.494664                    0                      0.000000                  0.000000                    0.0                       0.0           
        104.619606                    0                      0.000000                  0.000000                    0.0                       0.0           
        105.744548                    0                      0.000000                  0.000000                    0.0                       0.0           
        106.869490                    0                      0.000000                  0.000000                    0.0                       0.0           
        107.994432                    0                      0.000000                  0.000000                    0.0                       0.0           
        109.119374                    0                      0.000000                  0.000000                    0.0                       0.0           
        110.244316                    0                      0.000000                  0.000000                    0.0                       0.0           
        111.369258                    0                      0.000000                  0.000000                    0.0                       0.0           
        112.494200                    0                      0.000000                  0.000000                    0.0                       0.0           
        113.619142                    0                      0.000000                  0.000000                    0.0                       0.0           
        114.744084                    0                      0.000000                  0.000000                    0.0                       0.0           
        115.869026                    0                      0.000000                  0.000000                    0.0                       0.0           
        116.993968                    0                      0.000000                  0.000000                    0.0                       0.0           
        118.118910                    0                      0.000000                  0.000000                    0.0                       0.0           
        119.243852                    0                      0.000000                  0.000000                    0.0                       0.0           
        120.368794                    0                      0.000000                  0.000000                    0.0                       0.0           
        121.493736                    0                      0.000000                  0.000000                    0.0                       0.0           
        122.618678                    0                      0.000000                  0.000000                    0.0                       0.0           
        123.743620                    0                      0.000000                  0.000000                    0.0                       0.0           
        124.868562                    0                      0.000000                  0.000000                    0.0                       0.0           
        125.993504                    0                      0.000000                  0.000000                    0.0                       0.0           
        127.118446                    0                      0.000000                  0.000000                    0.0                       0.0           
        128.243388                    0                      0.000000                  0.000000                    0.0                       0.0           
        129.368330                    0                      0.000000                  0.000000                    0.0                       0.0           
        130.493272                    0                      0.000000                  0.000000                    0.0                       0.0           
        131.618214                    0                      0.000000                  0.000000                    0.0                       0.0           
        132.743156                    0                      0.000000                  0.000000                    0.0                       0.0           
        133.868098                    0                      0.000000                  0.000000                    0.0                       0.0           
        134.993040                    0                      0.000000                  0.000000                    0.0                       0.0           
        136.117982                    0                      0.000000                  0.000000                    0.0                       0.0           
        137.242924                    0                      0.000000                  0.000000                    0.0                       0.0           
        138.367866                    0                      0.000000                  0.000000                    0.0                       0.0           
        139.492808                    0                      0.000000                  0.000000                    0.0                       0.0           
        140.617750                    0                      0.000000                  0.000000                    0.0                       0.0           
        141.742692                    0                      0.000000                  0.000000                    0.0                       0.0           
        142.867634                    0                      0.000000                  0.000000                    0.0                       0.0           
        143.992576                    0                      0.000000                  0.000000                    0.0                       0.0           
        145.117518                    0                      0.000000                  0.000000                    0.0                       0.0           
        146.242460                    0                      0.000000                  0.000000                    0.0                       0.0           
        147.367402                    0                      0.000000                  0.000000                    0.0                       0.0           
        148.492344                    0                      0.000000                  0.000000                    0.0                       0.0           
        149.617286                    0                      0.000000                  0.000000                    0.0                       0.0           
        150.742228                    0                      0.000000                  0.000000                    0.0                       0.0           
        151.867170                    0                      0.000000                  0.000000                    0.0                       0.0           
        152.992112                    0                      0.000000                  0.000000                    0.0                       0.0           
        154.117054                    0                      0.000000                  0.000000                    0.0                       0.0           
        155.241996                    0                      0.000000                  0.000000                    0.0                       0.0           
        156.366938                    0                      0.000000                  0.000000                    0.0                       0.0           
        157.491880                    0                      0.000000                  0.000000                    0.0                       0.0           
        158.616822                    0                      0.000000                  0.000000                    0.0                       0.0           
        159.741764                    0                      0.000000                  0.000000                    0.0                       0.0           
        160.866706                    0                      0.000000                  0.000000                    0.0                       0.0           
        161.991648                    0                      0.000000                  0.000000                    0.0                       0.0           
        163.116590                    0                      0.000000                  0.000000                    0.0                       0.0           
        164.241532                    0                      0.000000                  0.000000                    0.0                       0.0           
        165.366474                    0                      0.000000                  0.000000                    0.0                       0.0           
        166.491416                    0                      0.000000                  0.000000                    0.0                       0.0           
        167.616358                    0                      0.000000                  0.000000                    0.0                       0.0           
        168.741300                    0                      0.000000                  0.000000                    0.0                       0.0           
        169.866242                    0                      0.000000                  0.000000                    0.0                       0.0           
        170.991184                    0                      0.000000                  0.000000                    0.0                       0.0           
        172.116126                    0                      0.000000                  0.000000                    0.0                       0.0           
        173.241068                    0                      0.000000                  0.000000                    0.0                       0.0           
        174.366010                    0                      0.000000                  0.000000                    0.0                       0.0           
        175.490952                    0                      0.000000                  0.000000                    0.0                       0.0           
        176.615894                    0                      0.000000                  0.000000                    0.0                       0.0           
        177.740836                    0                      0.000000                  0.000000                    0.0                       0.0           
        178.865778                    0                      0.000000                  0.000000                    0.0                       0.0           
        179.990720                    0                      0.000000                  0.000000                    0.0                       0.0           
        181.115662                    0                      0.000000                  0.000000                    0.0                       0.0           
        182.240604                    0                      0.000000                  0.000000                    0.0                       0.0           
        183.365546                    0                      0.000000                  0.000000                    0.0                       0.0           
        184.490488                    0                      0.000000                  0.000000                    0.0                       0.0           
        185.615430                    0                      0.000000                  0.000000                    0.0                       0.0           
        186.740372                    0                      0.000000                  0.000000                    0.0                       0.0           
        187.865314                    0                      0.000000                  0.000000                    0.0                       0.0           
        188.990256                    0                      0.000000                  0.000000                    0.0                       0.0           
        190.115198                    0                      0.000000                  0.000000                    0.0                       0.0           
        191.240140                    0                      0.000000                  0.000000                    0.0                       0.0           
        192.365082                    0                      0.000000                  0.000000                    0.0                       0.0           
        193.490024                    0                      0.000000                  0.000000                    0.0                       0.0           
        194.614966                    0                      0.000000                  0.000000                    0.0                       0.0           
        195.739908                    0                      0.000000                  0.000000                    0.0                       0.0           
        196.864850                    0                      0.000000                  0.000000                    0.0                       0.0           
        197.989792                    0                      0.000000                  0.000000                    0.0                       0.0           
        199.114734                    0                      0.000000                  0.000000                    0.0                       0.0           
        200.239676                    0                      0.000000                  0.000000                    0.0                       0.0           
        201.364618                    0                      0.000000                  0.000000                    0.0                       0.0           
        202.489560                    0                      0.000000                  0.000000                    0.0                       0.0           
        203.614502                    0                      0.000000                  0.000000                    0.0                       0.0           
        204.739444                    0                      0.000000                  0.000000                    0.0                       0.0           
        205.864386                    0                      0.000000                  0.000000                    0.0                       0.0           
        206.989328                    0                      0.000000                  0.000000                    0.0                       0.0           
        208.114270                    0                      0.000000                  0.000000                    0.0                       0.0           
        209.239212                    0                      0.000000                  0.000000                    0.0                       0.0           
        210.364154                    0                      0.000000                  0.000000                    0.0                       0.0           
        211.489096                    0                      0.000000                  0.000000                    0.0                       0.0           
        212.614038                    0                      0.000000                  0.000000                    0.0                       0.0           
        213.738980                    0                      0.000000                  0.000000                    0.0                       0.0           
        214.863922                    0                      0.000000                  0.000000                    0.0                       0.0           
        215.988864                    0                      0.000000                  0.000000                    0.0                       0.0           
        217.113806                    0                      0.000000                  0.000000                    0.0                       0.0           
        218.238748                    0                      0.000000                  0.000000                    0.0                       0.0           
        219.363690                    0                      0.000000                  0.000000                    0.0                       0.0           
        220.488632                    0                      0.000000                  0.000000                    0.0                       0.0           
        221.613574                    0                      0.000000                  0.000000                    0.0                       0.0           
        222.738516                    0                      0.000000                  0.000000                    0.0                       0.0           
        223.863458                    0                      0.000000                  0.000000                    0.0                       0.0           
        224.988400                    0                      0.000000                  0.000000                    0.0                       0.0           
        226.113342                    0                      0.000000                  0.000000                    0.0                       0.0           
        227.238284                    0                      0.000000                  0.000000                    0.0                       0.0           
        228.363226                    0                      0.000000                  0.000000                    0.0                       0.0           
        229.488168                    0                      0.000000                  0.000000                    0.0                       0.0           
        230.613110                    0                      0.000000                  0.000000                    0.0                       0.0           
        231.738052                    0                      0.000000                  0.000000                    0.0                       0.0           
        232.862994                    0                      0.000000                  0.000000                    0.0                       0.0           
        233.987936                    0                      0.000000                  0.000000                    0.0                       0.0           
        235.112878                    0                      0.000000                  0.000000                    0.0                       0.0           
        236.237820                    0                      0.000000                  0.000000                    0.0                       0.0           
        237.362762                    0                      0.000000                  0.000000                    0.0                       0.0           
        238.487704                    0                      0.000000                  0.000000                    0.0                       0.0           
        239.612646                    0                      0.000000                  0.000000                    0.0                       0.0           
        240.737588                    0                      0.000000                  0.000000                    0.0                       0.0           
        241.862530                    0                      0.000000                  0.000000                    0.0                       0.0           
        242.987472                    0                      0.000000                  0.000000                    0.0                       0.0           
        244.112414                    0                      0.000000                  0.000000                    0.0                       0.0           
        245.237356                    0                      0.000000                  0.000000                    0.0                       0.0           
        246.362298                    0                      0.000000                  0.000000                    0.0                       0.0           
        247.487240                    0                      0.000000                  0.000000                    0.0                       0.0           
        248.612182                    0                      0.000000                  0.000000                    0.0                       0.0           
        249.737124                    0                      0.000000                  0.000000                    0.0                       0.0           
        250.862066                    0                      0.000000                  0.000000                    0.0                       0.0           
        251.987008                    0                      0.000000                  0.000000                    0.0                       0.0           
        253.111950                    0                      0.000000                  0.000000                    0.0                       0.0           
        254.236892                    0                      0.000000                  0.000000                    0.0                       0.0           
        255.361834                    0                      0.000000                  0.000000                    0.0                       0.0           
        256.486776                    0                      0.000000                  0.000000                    0.0                       0.0           
        257.611718                    0                      0.000000                  0.000000                    0.0                       0.0           
        258.736660                    0                      0.000000                  0.000000                    0.0                       0.0           
        259.861602                    0                      0.000000                  0.000000                    0.0                       0.0           
        260.986544                    0                      0.000000                  0.000000                    0.0                       0.0           
        262.111486                    0                      0.000000                  0.000000                    0.0                       0.0           
        263.236428                    0                      0.000000                  0.000000                    0.0                       0.0           
        264.361370                    0                      0.000000                  0.000000                    0.0                       0.0           
        265.486312                    0                      0.000000                  0.000000                    0.0                       0.0           
        266.611254                    0                      0.000000                  0.000000                    0.0                       0.0           
        267.736196                    0                      0.000000                  0.000000                    0.0                       0.0           
        268.861138                    0                      0.000000                  0.000000                    0.0                       0.0           
        269.986080                    0                      0.000000                  0.000000                    0.0                       0.0           
        271.111022                    0                      0.000000                  0.000000                    0.0                       0.0           
        272.235964                    0                      0.000000                  0.000000                    0.0                       0.0           
        273.360906                    0                      0.000000                  0.000000                    0.0                       0.0           
        274.485848                    0                      0.000000                  0.000000                    0.0                       0.0           
        275.610790                    0                      0.000000                  0.000000                    0.0                       0.0           
        276.735732                    0                      0.000000                  0.000000                    0.0                       0.0           
        277.860674                    0                      0.000000                  0.000000                    0.0                       0.0           
        278.985616                    0                      0.000000                  0.000000                    0.0                       0.0           
        280.110558                    0                      0.000000                  0.000000                    0.0                       0.0           
        281.235500                    0                      0.000000                  0.000000                    0.0                       0.0           
        282.360442                    0                      0.000000                  0.000000                    0.0                       0.0           
        283.485384                    0                      0.000000                  0.000000                    0.0                       0.0           
        284.610326                    0                      0.000000                  0.000000                    0.0                       0.0           
        285.735268                    0                      0.000000                  0.000000                    0.0                       0.0           
        286.860210                    0                      0.000000                  0.000000                    0.0                       0.0           
        287.985152                    0                      0.000000                  0.000000                    0.0                       0.0           
        289.110094                    0                      0.000000                  0.000000                    0.0                       0.0           
        290.235036                    0                      0.000000                  0.000000                    0.0                       0.0           
        291.359978                    0                      0.000000                  0.000000                    0.0                       0.0           
        292.484920                    0                      0.000000                  0.000000                    0.0                       0.0           
        293.609862                    0                      0.000000                  0.000000                    0.0                       0.0           
        294.734804                    0                      0.000000                  0.000000                    0.0                       0.0           
        295.859746                    0                      0.000000                  0.000000                    0.0                       0.0           
        296.984688                    0                      0.000000                  0.000000                    0.0                       0.0           
        298.109630                    0                      0.000000                  0.000000                    0.0                       0.0           
        299.234572                    0                      0.000000                  0.000000                    0.0                       0.0           
        300.359514                    0                      0.000000                  0.000000                    0.0                       0.0           
        301.484456                    0                      0.000000                  0.000000                    0.0                       0.0           
        302.609398                    0                      0.000000                  0.000000                    0.0                       0.0           
        303.734340                    0                      0.000000                  0.000000                    0.0                       0.0           
        304.859282                    0                      0.000000                  0.000000                    0.0                       0.0           
        305.984224                    0                      0.000000                  0.000000                    0.0                       0.0           
        307.109166                    0                      0.000000                  0.000000                    0.0                       0.0           
        308.234108                    0                      0.000000                  0.000000                    0.0                       0.0           
        309.359050                    0                      0.000000                  0.000000                    0.0                       0.0           
        310.483992                    0                      0.000000                  0.000000                    0.0                       0.0           
        311.608934                    0                      0.000000                  0.000000                    0.0                       0.0           
        312.733876                    0                      0.000000                  0.000000                    0.0                       0.0           
        313.858818                    0                      0.000000                  0.000000                    0.0                       0.0           
        314.983760                    0                      0.000000                  0.000000                    0.0                       0.0           
        316.108702                    0                      0.000000                  0.000000                    0.0                       0.0           
        317.233644                    0                      0.000000                  0.000000                    0.0                       0.0           
        318.358586                    0                      0.000000                  0.000000                    0.0                       0.0           
        319.483528                    0                      0.000000                  0.000000                    0.0                       0.0           
        320.608470                    0                      0.000000                  0.000000                    0.0                       0.0           
        321.733412                    0                      0.000000                  0.000000                    0.0                       0.0           
        322.858354                    0                      0.000000                  0.000000                    0.0                       0.0           
        323.983296                    0                      0.000000                  0.000000                    0.0                       0.0           
        325.108238                    0                      0.000000                  0.000000                    0.0                       0.0           
        326.233180                    0                      0.000000                  0.000000                    0.0                       0.0           
        327.358122                    0                      0.000000                  0.000000                    0.0                       0.0           
        328.483064                    0                      0.000000                  0.000000                    0.0                       0.0           
        329.608006                    0                      0.000000                  0.000000                    0.0                       0.0           
        330.732948                    0                      0.000000                  0.000000                    0.0                       0.0           
        331.857890                    0                      0.000000                  0.000000                    0.0                       0.0           
        332.982832                    0                      0.000000                  0.000000                    0.0                       0.0           
        334.107774                    0                      0.000000                  0.000000                    0.0                       0.0           
        335.232716                    0                      0.000000                  0.000000                    0.0                       0.0           
        336.357658                    0                      0.000000                  0.000000                    0.0                       0.0           
        337.482600                    0                      0.000000                  0.000000                    0.0                       0.0           
        338.607542                    0                      0.000000                  0.000000                    0.0                       0.0           
        339.732484                    0                      0.000000                  0.000000                    0.0                       0.0           
        340.857426                    0                      0.000000                  0.000000                    0.0                       0.0           
        341.982368                    0                      0.000000                  0.000000                    0.0                       0.0           
        343.107310                    0                      0.000000                  0.000000                    0.0                       0.0           
        344.232252                    0                      0.000000                  0.000000                    0.0                       0.0           
        345.357194                    0                      0.000000                  0.000000                    0.0                       0.0           
        346.482136                    0                      0.000000                  0.000000                    0.0                       0.0           
        347.607078                    0                      0.000000                  0.000000                    0.0                       0.0           
